
24105743,634,01,13,25,37,45,57,65,77,56,64,76,55,67,75,63,71,52,60,72,53,61,73,54,66,74,62,70,51,43,35,47,26,07,15,27,46,34,22,03,11,30,42,50,31,10,02,23,44,36,17,05,24,16,04,12,00,21,40,32,20,41,33,14,06
76897437,2166,05,17,25,37,45,57,65,77,56,64,76,55,67,75,63,71,52,60,72,53,61,73,54,66,74,62,70,51,43,35,47,26,07,15,27,46,34,22,03,11,30,42,50,31,10,02,23,44,36,24,16,04,12,00,21,40,32,13,01,20,41,33,14,06
14094138,381,07,15,27,35,47,55,67,75,63,71,52,64,76,57,65,77,56,44,36,24,32,40,61,73,54,66,74,62,70,51,43,31,50,42,30,11,03,22,10,02,23,04,16,37,45,53,72,60,41,33,21,00,12,20,01,13,05,17,25,46,34,26,14,06
3707927,99,11,23,35,47,55,67,75,63,71,52,64,76,57,65,77,56,44,36,24,32,40,61,73,54,66,74,62,70,51,43,31,50,42,30,22,10,02,14,06,27,46,34,53,72,60,41,33,21,00,12,20,01,13,05,17,25,04,16,37,45,26,07,15,03
3411618,178,13,25,37,45,57,65,77,56,64,76,55,67,75,63,71,52,60,72,53,61,73,54,66,74,62,70,51,43,35,47,26,34,46,27,06,14,22,01,20,41,33,12,00,21,40,32,44,36,17,05,24,16,04,23,02,10,31,50,42,30,11,03,15,07
7916015,231,17,25,37,45,57,65,77,56,64,76,55,67,75,63,71,52,60,72,53,61,73,54,66,74,62,70,51,43,35,47,26,34,46,27,06,14,22,03,11,30,42,50,31,10,02,23,04,16,24,05,13,01,20,41,33,12,00,21,40,32,44,36,15,07
323659,10,23,35,47,55,67,75,63,71,52,64,76,57,65,77,56,44,36,24,32,40,61,73,54,66,74,62,70,51,43,31,50,42,34,46,27,06,14,26,07,15,03,11,30,22,10,02,21,33,45,53,72,60,41,20,01,13,05,17,25,37,16,04,12,00
31301329,826,27,35,47,55,67,75,63,71,52,64,76,57,65,77,56,44,36,24,32,40,61,73,54,66,74,62,70,51,43,31,50,42,34,46,25,17,05,13,01,20,12,00,21,33,41,60,72,53,45,37,16,04,23,02,10,22,30,11,03,15,07,26,14,06
2538817,70,31,43,55,67,75,63,71,52,64,76,57,65,77,56,44,36,24,32,40,61,73,54,66,74,62,70,51,72,60,41,53,45,37,25,17,05,13,01,20,12,00,21,33,14,06,27,46,34,22,10,02,23,04,16,35,47,26,07,15,03,11,30,42,50
40613513,1154,33,45,57,65,77,56,64,76,55,67,75,63,71,52,60,72,53,61,73,54,66,74,62,70,51,43,35,47,26,34,46,27,06,14,22,41,20,01,13,25,37,16,24,05,17,36,44,32,40,21,00,12,04,23,02,10,31,50,42,30,11,03,15,07
4706735,125,35,47,55,67,75,63,71,52,64,76,57,65,77,56,44,36,24,32,40,61,73,54,66,74,62,70,51,43,31,23,15,07,26,34,46,27,06,14,33,45,53,72,60,41,20,01,13,05,17,25,37,16,04,12,00,21,02,10,22,03,11,30,42,50
2122402,59,43,55,67,75,63,71,52,64,76,57,65,77,56,44,36,24,32,40,61,73,54,66,74,62,70,51,72,60,41,53,45,37,25,33,21,00,12,20,01,22,30,11,03,15,07,26,47,35,16,04,23,42,50,31,10,02,14,06,27,46,34,13,05,17
34173026,908,47,55,67,75,63,71,52,64,76,57,65,77,56,44,36,24,32,40,61,73,54,66,74,62,70,51,43,35,27,15,07,26,34,46,25,17,05,13,21,00,12,20,01,22,03,11,30,42,50,31,10,02,23,04,16,37,45,53,72,60,41,33,14,06
4873520,130,52,64,76,57,65,77,56,44,36,24,32,40,61,73,54,66,74,62,70,51,63,75,67,55,47,35,43,31,23,15,07,26,34,46,27,06,14,33,45,53,72,60,41,20,01,13,05,17,25,37,16,04,12,00,21,02,10,22,03,11,30,42,50,71
38113803,1034,53,65,77,56,64,76,57,45,37,25,33,41,62,74,66,54,46,34,42,50,71,63,75,67,55,47,35,43,31,23,44,36,17,05,26,07,15,27,06,14,02,10,22,30,11,03,24,16,04,12,00,21,13,01,20,32,40,61,73,52,60,72,51,70
3934282,103,55,67,75,63,71,52,64,76,57,65,77,56,44,36,24,32,40,61,73,54,66,74,62,70,51,43,35,47,26,34,46,27,06,14,22,30,42,50,31,10,02,21,00,12,20,01,13,05,17,25,33,41,60,72,53,45,37,16,04,23,11,03,15,07
34173026,920,67,75,63,71,52,64,76,57,65,77,56,44,36,24,32,40,61,73,54,66,74,62,70,51,43,55,47,35,27,15,07,26,34,46,25,17,05,13,21,00,12,20,01,22,03,11,30,42,50,31,10,02,23,04,16,37,45,53,72,60,41,33,14,06
35482133,974,72,64,76,57,65,77,56,44,52,60,41,53,61,73,54,66,74,62,70,51,63,75,67,55,47,35,43,31,23,15,07,26,34,46,27,06,14,02,10,22,01,20,32,40,21,00,12,04,16,37,45,33,25,13,05,17,36,24,03,11,30,42,50,71
3934282,104,75,67,55,63,71,52,64,76,57,65,77,56,44,36,24,32,40,61,73,54,66,74,62,70,51,43,35,47,26,34,46,27,06,14,22,30,42,50,31,10,02,21,00,12,20,01,13,05,17,25,33,41,60,72,53,45,37,16,04,23,11,03,15,07
20716588,564,77,65,73,61,53,45,57,76,64,72,60,52,44,56,75,67,55,63,71,50,62,74,66,54,46,34,42,30,22,14,06,27,35,47,26,07,15,03,11,23,02,10,31,43,24,36,17,05,13,01,20,41,33,25,37,16,04,12,00,21,40,32,51,70
12512191,312,01,20,41,22,03,24,05,26,07,15,34,13,32,11,30,51,70,62,43,64,45,66,47,35,14,33,12,31,10,02,23,04,16,37,56,77,65,44,63,42,50,71,52,60,72,53,74,55,76,57,36,17,25,06,27,46,67,75,54,73,61,40,21,00
18524326,473,03,22,01,20,41,60,52,31,10,02,21,00,12,33,14,35,16,37,56,75,54,73,61,40,32,11,30,51,70,62,43,24,45,26,07,15,34,13,05,17,36,57,76,64,72,53,74,66,47,55,67,46,27,06,25,04,23,42,50,71,63,44,65,77
54672721,1423,27,06,25,04,23,02,21,00,12,31,10,22,01,20,41,60,52,33,14,35,16,37,56,75,54,73,61,40,32,11,30,42,63,71,50,62,70,51,72,53,74,66,45,57,76,64,43,24,03,15,07,26,47,55,67,46,34,13,05,17,36,44,65,77
12512191,317,41,20,01,22,03,24,05,26,07,15,34,13,32,11,30,51,70,62,43,64,45,66,47,35,14,33,12,31,10,02,23,04,16,37,56,77,65,44,63,42,50,71,52,60,72,53,74,55,76,57,36,17,25,06,27,46,67,75,54,73,61,40,21,00
181476,5,43,22,01,20,41,60,52,31,10,02,21,00,12,33,14,35,16,37,56,75,54,73,61,40,32,11,30,51,70,62,50,71,63,42,23,04,25,06,27,46,67,55,74,66,47,26,07,15,03,24,45,57,76,64,72,53,34,13,05,17,36,44,65,77
633264,15,45,24,03,22,01,20,41,60,52,31,10,02,21,00,12,33,14,35,16,37,56,75,54,73,61,40,32,11,30,51,70,62,43,64,72,53,74,66,47,26,07,15,34,13,05,17,36,57,76,55,67,46,27,06,25,04,23,42,50,71,63,44,65,77
51855978,1286,60,41,20,01,22,03,24,05,26,07,15,34,13,32,11,30,51,70,62,43,64,45,66,47,35,14,33,12,00,21,02,10,31,50,71,52,40,61,42,63,44,23,04,16,37,56,77,65,73,54,75,67,46,27,06,25,17,36,57,76,55,74,53,72
17767149,448,34,53,72,51,70,62,41,60,52,71,50,31,10,02,21,40,61,42,23,04,25,44,63,55,74,66,45,64,76,57,36,17,05,13,32,20,01,22,30,11,03,15,07,26,47,35,43,24,16,37,56,77,65,73,54,75,67,46,27,06,14,33,12,00
8595506,232,70,51,30,11,32,13,34,53,72,60,41,20,01,22,03,24,43,62,50,31,10,02,21,40,61,42,23,04,25,44,63,71,52,73,54,75,56,77,65,46,67,55,74,66,47,35,16,37,45,64,76,57,36,17,05,26,07,15,27,06,14,33,12,00
61837592,1660,72,51,70,62,41,60,52,71,50,31,10,02,21,40,61,42,23,04,25,44,63,55,74,53,32,11,30,22,03,24,43,64,76,57,36,17,05,26,07,15,27,06,14,33,45,66,47,35,16,37,56,77,65,73,54,75,67,46,34,13,01,20,12,00
20809103,522,05,17,36,55,67,46,65,77,56,75,54,66,45,57,76,64,43,35,47,26,07,15,27,06,25,37,16,04,23,42,34,53,74,62,70,51,72,60,52,44,63,71,50,31,10,22,30,11,03,24,12,00,21,02,14,33,41,20,01,13,32,40,61,73
24765,1,10,22,34,46,65,77,56,75,67,55,47,66,45,57,76,64,43,35,27,06,25,37,16,04,23,15,07,26,05,17,36,24,03,11,30,42,54,73,52,44,63,71,50,31,12,00,21,13,01,20,32,40,61,53,74,62,70,51,72,60,41,33,14,02
30424,1,22,34,46,65,77,56,75,67,55,47,66,45,57,76,64,43,35,27,06,25,37,16,04,23,15,07,26,05,17,36,24,03,11,30,42,54,73,52,44,63,71,50,62,74,53,61,40,32,20,01,13,21,00,12,31,10,02,14,33,41,60,72,51,70
7327749,196,27,46,65,77,56,75,67,55,47,66,45,57,76,64,43,35,54,73,52,44,36,15,07,26,05,17,25,37,16,04,23,42,61,40,32,24,03,11,30,22,34,13,01,20,12,00,21,33,41,60,72,53,74,62,70,51,63,71,50,31,10,02,14,06
222355,6,34,46,65,77,56,75,67,55,47,66,45,57,76,64,43,35,27,06,25,37,16,04,23,15,07,26,05,17,36,24,03,22,14,33,52,44,63,71,50,42,54,73,61,40,32,11,30,51,70,62,74,53,72,60,41,20,01,13,21,00,12,31,10,02
4285589,120,46,65,77,56,75,67,55,47,66,45,57,76,64,43,35,27,06,25,37,16,04,23,15,07,26,05,17,36,24,03,22,34,53,72,60,52,44,63,71,50,42,54,73,61,40,21,00,12,31,10,02,14,33,41,20,01,13,32,11,30,51,70,62,74
298765,8,47,66,45,57,76,55,67,46,65,77,56,75,54,73,52,64,43,35,27,06,25,37,16,04,23,15,07,26,05,17,36,24,03,22,34,53,74,62,70,51,72,60,41,33,14,02,10,31,50,71,63,44,32,11,30,42,61,40,21,13,01,20,12,00
29976172,813,53,65,77,56,75,67,46,25,37,16,35,47,66,45,57,76,55,74,62,54,73,52,64,43,22,34,26,07,15,27,06,14,33,21,00,12,04,23,02,10,31,50,71,63,44,36,17,05,24,03,11,30,42,61,40,32,13,01,20,41,60,72,51,70
18604864,469,03,24,45,66,74,62,70,51,72,60,52,73,61,53,65,77,56,64,76,55,67,75,63,71,50,42,54,46,34,22,30,11,32,40,21,00,12,04,16,37,25,17,05,13,01,20,41,33,14,06,27,15,07,26,47,35,43,31,10,02,23,44,36,57
35706491,963,35,56,77,65,73,61,53,74,62,70,51,72,60,52,64,76,55,67,75,63,71,50,42,54,66,45,57,36,44,32,40,21,00,12,33,41,20,01,22,30,11,23,04,16,37,25,17,05,13,34,46,27,06,14,02,10,31,43,24,03,15,07,26,47
18403814,499,50,71,63,75,67,55,76,64,72,60,52,73,61,53,74,62,70,51,43,31,23,44,65,77,56,35,47,66,54,42,30,22,10,02,14,26,07,15,36,57,45,33,41,20,01,13,34,46,27,06,25,37,16,04,12,00,21,40,32,11,03,24,05,17
24903807,685,53,74,62,70,51,72,60,52,73,61,40,32,44,65,77,56,64,76,55,67,75,63,71,50,42,54,66,45,57,36,24,12,00,21,33,41,20,01,22,43,31,10,02,23,04,16,37,25,17,05,13,34,46,27,06,14,35,47,26,07,15,03,11,30
21927996,631,56,77,65,73,61,53,74,62,70,51,72,60,52,64,76,55,67,75,63,71,50,42,54,66,45,57,36,44,32,40,21,33,41,20,01,22,30,11,23,35,47,26,07,15,03,24,43,31,10,02,14,06,27,46,34,13,05,17,25,37,16,04,12,00
21927996,626,74,62,70,51,72,60,52,73,61,53,65,77,56,64,76,55,67,75,63,71,50,42,54,66,45,57,36,44,32,40,21,33,41,20,01,22,30,11,23,35,47,26,07,15,03,24,43,31,10,02,14,06,27,46,34,13,05,17,25,37,16,04,12,00
24229319,792,77,65,73,61,53,74,62,70,51,72,60,52,64,76,55,67,75,63,71,50,42,54,66,45,57,36,44,56,35,47,26,34,46,27,06,14,22,30,11,32,40,21,00,12,33,41,20,01,13,05,17,25,37,16,04,23,02,10,31,43,24,03,15,07
16323563,409,03,24,45,66,74,62,70,51,72,60,52,73,61,53,65,77,56,64,76,55,63,71,50,42,54,75,67,46,34,22,30,11,32,40,21,00,12,04,16,37,25,17,05,13,01,20,41,33,14,06,27,15,07,26,47,35,43,31,10,02,23,44,36,57
1740389,54,04,25,46,67,75,63,71,50,62,70,51,72,60,52,73,61,53,74,66,54,42,30,22,43,64,76,55,47,35,56,77,65,57,45,37,16,24,03,11,32,40,21,00,12,33,41,20,01,13,34,26,05,17,36,44,23,31,10,02,14,06,27,15,07
36832735,1003,06,27,35,56,77,65,73,61,53,74,62,70,51,72,60,52,64,76,55,63,71,50,42,54,75,67,46,34,22,43,31,10,02,14,33,41,20,01,13,25,37,16,04,12,00,21,40,32,44,23,15,07,26,47,66,45,57,36,17,05,24,03,11,30
28534570,781,12,33,54,75,63,71,50,62,70,51,72,60,52,73,61,53,74,66,45,57,65,77,56,64,76,55,67,46,34,42,30,22,41,20,01,13,25,37,16,04,23,44,36,17,05,24,43,31,10,02,14,06,27,35,47,26,07,15,03,11,32,40,21,00
5759691,152,17,25,46,67,75,63,71,50,62,70,51,72,60,52,73,61,53,74,66,54,42,30,22,43,64,76,55,47,35,56,77,65,57,36,44,32,40,21,00,12,04,16,37,45,33,41,20,01,13,34,26,05,24,03,11,23,31,10,02,14,06,27,15,07
500153,13,25,46,67,75,63,71,50,62,70,51,72,60,52,73,61,53,74,66,54,42,30,22,43,64,76,55,47,35,56,77,65,57,45,33,41,20,01,13,34,26,07,15,27,06,14,02,10,31,23,44,36,17,05,24,03,11,32,40,21,00,12,04,16,37
9443107,261,32,53,74,62,70,51,72,60,52,73,61,40,21,42,63,71,50,31,43,64,76,55,67,75,54,66,45,57,65,77,56,44,36,24,03,11,30,22,10,02,23,35,47,26,07,15,34,46,27,06,14,33,41,20,01,13,05,17,25,37,16,04,12,00
8812137,245,33,54,75,63,71,50,62,70,51,72,60,52,73,61,53,74,66,45,57,65,77,56,64,76,55,67,46,34,42,30,22,43,31,10,02,14,35,47,26,07,15,27,06,25,37,16,24,03,11,32,40,21,00,12,04,23,44,36,17,05,13,01,20,41
44500417,1278,34,55,76,64,72,60,52,73,61,53,74,62,70,51,63,71,50,42,54,75,67,46,65,77,56,44,32,40,21,33,41,20,01,22,30,11,23,31,10,02,14,06,27,35,43,24,03,15,07,26,47,66,45,57,36,17,05,13,25,37,16,04,12,00
50709236,1353,35,56,77,65,73,61,53,74,62,70,51,72,60,52,64,76,55,63,71,50,42,54,75,67,46,34,22,43,31,10,02,23,44,32,40,21,00,12,04,16,37,25,13,01,20,41,33,14,06,27,15,07,26,47,66,45,57,36,17,05,24,03,11,30
116403,4,40,61,73,65,77,56,64,72,60,52,44,32,53,74,62,70,51,63,71,50,42,54,75,67,55,76,57,45,66,47,35,43,31,23,11,03,24,36,15,07,26,34,46,27,06,14,33,41,20,01,13,05,17,25,37,16,04,12,00,21,02,10,22,30
60946232,1836,43,64,72,60,52,73,61,53,74,62,70,51,63,71,50,42,54,75,67,55,76,57,65,77,56,44,32,40,21,33,41,20,01,22,30,11,23,31,10,02,14,35,47,66,45,26,07,15,03,24,36,17,05,13,34,46,27,06,25,37,16,04,12,00
239998,7,46,67,75,63,71,50,62,70,51,72,60,52,73,61,53,74,66,54,42,30,22,43,64,76,55,47,35,56,77,65,57,45,33,41,20,32,40,21,00,12,04,16,37,25,44,36,17,05,24,03,11,23,31,10,02,14,06,27,15,07,26,34,13,01
18403814,494,50,71,63,75,67,55,76,64,72,60,52,73,61,53,74,62,70,51,43,31,23,44,65,77,56,35,47,66,54,42,30,22,10,02,14,26,07,15,36,57,45,33,41,20,01,13,34,46,27,06,25,37,16,04,12,00,21,40,32,11,03,24,05,17
18914776,515,53,74,62,70,51,72,60,52,73,61,40,32,44,65,77,56,64,76,55,63,71,50,42,54,75,67,46,34,22,43,31,10,02,23,35,47,66,45,57,36,17,25,37,16,04,12,00,21,13,01,20,41,33,14,06,27,15,07,26,05,24,03,11,30
31096436,852,54,75,63,71,50,62,70,51,72,60,52,73,61,53,74,66,45,57,65,77,56,64,76,55,67,46,34,42,30,22,43,31,10,02,23,44,32,40,21,00,12,04,25,37,16,24,36,17,05,13,01,20,41,33,14,06,27,35,47,26,07,15,03,11
284511,11,60,72,64,76,55,63,71,50,62,70,51,43,31,52,73,61,53,74,66,54,75,67,46,34,42,30,22,10,02,23,44,65,77,56,35,47,26,14,33,41,20,01,13,05,17,36,57,45,37,16,24,03,11,32,40,21,00,12,04,25,06,27,15,07
215684,5,61,73,65,77,56,64,72,60,52,40,32,53,74,62,70,51,63,71,50,42,54,75,67,55,76,57,45,66,47,35,43,31,23,44,36,24,12,00,21,33,41,20,01,13,34,46,27,06,14,02,10,22,30,11,03,15,07,26,05,17,25,37,16,04
876934,26,62,70,51,72,60,52,73,61,53,74,66,54,75,63,71,50,42,30,22,43,64,76,55,67,46,34,26,47,35,56,77,65,57,45,33,41,20,01,13,25,37,16,04,12,00,21,40,32,44,36,17,05,24,03,11,23,31,10,02,14,06,27,15,07
24106752,659,63,71,50,62,70,51,72,60,52,73,61,53,74,66,54,75,67,55,76,64,56,77,65,57,45,33,41,20,32,40,21,42,30,22,01,13,34,46,27,35,47,26,07,15,03,11,23,44,36,17,05,24,43,31,10,02,14,06,25,37,16,04,12,00
13975878,386,67,75,63,71,50,62,70,51,72,60,52,73,61,53,74,66,54,42,30,22,43,64,76,55,47,35,56,77,65,57,45,33,41,20,01,13,34,46,25,37,16,24,03,11,32,40,21,00,12,04,23,44,36,17,05,26,07,15,27,06,14,02,10,31
258882,7,72,60,52,73,61,53,74,62,70,51,63,71,50,42,54,75,67,55,76,64,56,77,65,57,45,66,47,35,43,31,23,44,32,40,21,33,41,20,01,13,34,46,27,15,07,26,05,17,36,24,03,11,30,22,10,02,14,06,25,37,16,04,12,00
876934,25,75,63,71,50,62,70,51,72,60,52,73,61,53,74,66,54,42,30,22,43,64,76,55,67,46,34,26,47,35,56,77,65,57,45,33,41,20,01,13,25,37,16,04,12,00,21,40,32,44,36,17,05,24,03,11,23,31,10,02,14,06,27,15,07
16851,1,76,64,72,60,52,73,61,53,74,62,70,51,63,71,50,42,54,75,67,55,43,31,23,44,65,77,56,35,47,66,45,57,36,24,32,40,21,33,41,20,01,13,34,46,27,06,14,02,10,22,30,11,03,15,07,26,05,17,25,37,16,04,12,00
16323563,442,03,24,45,66,74,62,70,51,72,60,52,73,61,53,65,77,56,64,76,55,63,71,50,42,54,75,67,46,34,22,30,11,32,40,21,00,12,04,16,37,25,17,05,13,01,20,41,33,14,06,27,15,07,26,47,35,43,31,10,02,23,44,36,57
1740389,53,04,25,46,67,75,63,71,50,62,70,51,72,60,52,73,61,53,74,66,54,42,30,22,43,64,76,55,47,35,56,77,65,57,45,37,16,24,03,11,32,40,21,00,12,33,41,20,01,13,34,26,05,17,36,44,23,31,10,02,14,06,27,15,07
36832735,1049,06,27,35,56,77,65,73,61,53,74,62,70,51,72,60,52,64,76,55,63,71,50,42,54,75,67,46,34,22,43,31,10,02,14,33,41,20,01,13,25,37,16,04,12,00,21,40,32,44,23,15,07,26,47,66,45,57,36,17,05,24,03,11,30
28534570,801,12,33,54,75,63,71,50,62,70,51,72,60,52,73,61,53,74,66,45,57,65,77,56,64,76,55,67,46,34,42,30,22,41,20,01,13,25,37,16,04,23,44,36,17,05,24,43,31,10,02,14,06,27,35,47,26,07,15,03,11,32,40,21,00
5759691,155,17,25,46,67,75,63,71,50,62,70,51,72,60,52,73,61,53,74,66,54,42,30,22,43,64,76,55,47,35,56,77,65,57,36,44,32,40,21,00,12,04,16,37,45,33,41,20,01,13,34,26,05,24,03,11,23,31,10,02,14,06,27,15,07
500153,14,25,46,67,75,63,71,50,62,70,51,72,60,52,73,61,53,74,66,54,42,30,22,43,64,76,55,47,35,56,77,65,57,45,33,41,20,01,13,34,26,07,15,27,06,14,02,10,31,23,44,36,17,05,24,03,11,32,40,21,00,12,04,16,37
9443107,260,32,53,74,62,70,51,72,60,52,73,61,40,21,42,63,71,50,31,43,64,76,55,67,75,54,66,45,57,65,77,56,44,36,24,03,11,30,22,10,02,23,35,47,26,07,15,34,46,27,06,14,33,41,20,01,13,05,17,25,37,16,04,12,00
8812137,292,33,54,75,63,71,50,62,70,51,72,60,52,73,61,53,74,66,45,57,65,77,56,64,76,55,67,46,34,42,30,22,43,31,10,02,14,35,47,26,07,15,27,06,25,37,16,24,03,11,32,40,21,00,12,04,23,44,36,17,05,13,01,20,41
44500417,1446,34,55,76,64,72,60,52,73,61,53,74,62,70,51,63,71,50,42,54,75,67,46,65,77,56,44,32,40,21,33,41,20,01,22,30,11,23,31,10,02,14,06,27,35,43,24,03,15,07,26,47,66,45,57,36,17,05,13,25,37,16,04,12,00
50709236,1596,35,56,77,65,73,61,53,74,62,70,51,72,60,52,64,76,55,63,71,50,42,54,75,67,46,34,22,43,31,10,02,23,44,32,40,21,00,12,04,16,37,25,13,01,20,41,33,14,06,27,15,07,26,47,66,45,57,36,17,05,24,03,11,30
116403,4,40,61,73,65,77,56,64,72,60,52,44,32,53,74,62,70,51,63,71,50,42,54,75,67,55,76,57,45,66,47,35,43,31,23,11,03,24,36,15,07,26,34,46,27,06,14,33,41,20,01,13,05,17,25,37,16,04,12,00,21,02,10,22,30
60946232,1749,43,64,72,60,52,73,61,53,74,62,70,51,63,71,50,42,54,75,67,55,76,57,65,77,56,44,32,40,21,33,41,20,01,22,30,11,23,31,10,02,14,35,47,66,45,26,07,15,03,24,36,17,05,13,34,46,27,06,25,37,16,04,12,00
239998,7,46,67,75,63,71,50,62,70,51,72,60,52,73,61,53,74,66,54,42,30,22,43,64,76,55,47,35,56,77,65,57,45,33,41,20,32,40,21,00,12,04,16,37,25,44,36,17,05,24,03,11,23,31,10,02,14,06,27,15,07,26,34,13,01
18403814,518,50,71,63,75,67,55,76,64,72,60,52,73,61,53,74,62,70,51,43,31,23,44,65,77,56,35,47,66,54,42,30,22,10,02,14,26,07,15,36,57,45,33,41,20,01,13,34,46,27,06,25,37,16,04,12,00,21,40,32,11,03,24,05,17
18914776,527,53,74,62,70,51,72,60,52,73,61,40,32,44,65,77,56,64,76,55,63,71,50,42,54,75,67,46,34,22,43,31,10,02,23,35,47,66,45,57,36,17,25,37,16,04,12,00,21,13,01,20,41,33,14,06,27,15,07,26,05,24,03,11,30
31096436,895,54,75,63,71,50,62,70,51,72,60,52,73,61,53,74,66,45,57,65,77,56,64,76,55,67,46,34,42,30,22,43,31,10,02,23,44,32,40,21,00,12,04,25,37,16,24,36,17,05,13,01,20,41,33,14,06,27,35,47,26,07,15,03,11
284511,9,60,72,64,76,55,63,71,50,62,70,51,43,31,52,73,61,53,74,66,54,75,67,46,34,42,30,22,10,02,23,44,65,77,56,35,47,26,14,33,41,20,01,13,05,17,36,57,45,37,16,24,03,11,32,40,21,00,12,04,25,06,27,15,07
215684,6,61,73,65,77,56,64,72,60,52,40,32,53,74,62,70,51,63,71,50,42,54,75,67,55,76,57,45,66,47,35,43,31,23,44,36,24,12,00,21,33,41,20,01,13,34,46,27,06,14,02,10,22,30,11,03,15,07,26,05,17,25,37,16,04
876934,25,62,70,51,72,60,52,73,61,53,74,66,54,75,63,71,50,42,30,22,43,64,76,55,67,46,34,26,47,35,56,77,65,57,45,33,41,20,01,13,25,37,16,04,12,00,21,40,32,44,36,17,05,24,03,11,23,31,10,02,14,06,27,15,07
24106752,678,63,71,50,62,70,51,72,60,52,73,61,53,74,66,54,75,67,55,76,64,56,77,65,57,45,33,41,20,32,40,21,42,30,22,01,13,34,46,27,35,47,26,07,15,03,11,23,44,36,17,05,24,43,31,10,02,14,06,25,37,16,04,12,00
13975878,390,67,75,63,71,50,62,70,51,72,60,52,73,61,53,74,66,54,42,30,22,43,64,76,55,47,35,56,77,65,57,45,33,41,20,01,13,34,46,25,37,16,24,03,11,32,40,21,00,12,04,23,44,36,17,05,26,07,15,27,06,14,02,10,31
258882,7,72,60,52,73,61,53,74,62,70,51,63,71,50,42,54,75,67,55,76,64,56,77,65,57,45,66,47,35,43,31,23,44,32,40,21,33,41,20,01,13,34,46,27,15,07,26,05,17,36,24,03,11,30,22,10,02,14,06,25,37,16,04,12,00
876934,26,75,63,71,50,62,70,51,72,60,52,73,61,53,74,66,54,42,30,22,43,64,76,55,67,46,34,26,47,35,56,77,65,57,45,33,41,20,01,13,25,37,16,04,12,00,21,40,32,44,36,17,05,24,03,11,23,31,10,02,14,06,27,15,07
16851,0,76,64,72,60,52,73,61,53,74,62,70,51,63,71,50,42,54,75,67,55,43,31,23,44,65,77,56,35,47,66,45,57,36,24,32,40,21,33,41,20,01,13,34,46,27,06,14,02,10,22,30,11,03,15,07,26,05,17,25,37,16,04,12,00
16323563,430,03,24,45,66,74,62,70,51,72,60,52,73,61,53,65,77,56,64,76,55,63,71,50,42,54,75,67,46,34,22,30,11,32,40,21,00,12,04,16,37,25,17,05,13,01,20,41,33,14,06,27,15,07,26,47,35,43,31,10,02,23,44,36,57
1740389,58,04,25,46,67,75,63,71,50,62,70,51,72,60,52,73,61,53,74,66,54,42,30,22,43,64,76,55,47,35,56,77,65,57,45,37,16,24,03,11,32,40,21,00,12,33,41,20,01,13,34,26,05,17,36,44,23,31,10,02,14,06,27,15,07
36832735,1029,06,27,35,56,77,65,73,61,53,74,62,70,51,72,60,52,64,76,55,63,71,50,42,54,75,67,46,34,22,43,31,10,02,14,33,41,20,01,13,25,37,16,04,12,00,21,40,32,44,23,15,07,26,47,66,45,57,36,17,05,24,03,11,30
28534570,826,12,33,54,75,63,71,50,62,70,51,72,60,52,73,61,53,74,66,45,57,65,77,56,64,76,55,67,46,34,42,30,22,41,20,01,13,25,37,16,04,23,44,36,17,05,24,43,31,10,02,14,06,27,35,47,26,07,15,03,11,32,40,21,00
5759691,157,17,25,46,67,75,63,71,50,62,70,51,72,60,52,73,61,53,74,66,54,42,30,22,43,64,76,55,47,35,56,77,65,57,36,44,32,40,21,00,12,04,16,37,45,33,41,20,01,13,34,26,05,24,03,11,23,31,10,02,14,06,27,15,07
500153,14,25,46,67,75,63,71,50,62,70,51,72,60,52,73,61,53,74,66,54,42,30,22,43,64,76,55,47,35,56,77,65,57,45,33,41,20,01,13,34,26,07,15,27,06,14,02,10,31,23,44,36,17,05,24,03,11,32,40,21,00,12,04,16,37
16323563,434,03,24,45,66,74,62,70,51,72,60,52,73,61,53,65,77,56,64,76,55,63,71,50,42,54,75,67,46,34,22,30,11,32,40,21,00,12,04,16,37,25,17,05,13,01,20,41,33,14,06,27,15,07,26,47,35,43,31,10,02,23,44,36,57
1740389,56,04,25,46,67,75,63,71,50,62,70,51,72,60,52,73,61,53,74,66,54,42,30,22,43,64,76,55,47,35,56,77,65,57,45,37,16,24,03,11,32,40,21,00,12,33,41,20,01,13,34,26,05,17,36,44,23,31,10,02,14,06,27,15,07
36832735,1091,06,27,35,56,77,65,73,61,53,74,62,70,51,72,60,52,64,76,55,63,71,50,42,54,75,67,46,34,22,43,31,10,02,14,33,41,20,01,13,25,37,16,04,12,00,21,40,32,44,23,15,07,26,47,66,45,57,36,17,05,24,03,11,30
28534570,797,12,33,54,75,63,71,50,62,70,51,72,60,52,73,61,53,74,66,45,57,65,77,56,64,76,55,67,46,34,42,30,22,41,20,01,13,25,37,16,04,23,44,36,17,05,24,43,31,10,02,14,06,27,35,47,26,07,15,03,11,32,40,21,00
16323563,437,03,24,45,66,74,62,70,51,72,60,52,73,61,53,65,77,56,64,76,55,63,71,50,42,54,75,67,46,34,22,30,11,32,40,21,00,12,04,16,37,25,17,05,13,01,20,41,33,14,06,27,15,07,26,47,35,43,31,10,02,23,44,36,57
1740389,77,04,25,46,67,75,63,71,50,62,70,51,72,60,52,73,61,53,74,66,54,42,30,22,43,64,76,55,47,35,56,77,65,57,45,37,16,24,03,11,32,40,21,00,12,33,41,20,01,13,34,26,05,17,36,44,23,31,10,02,14,06,27,15,07
36832735,1092,06,27,35,56,77,65,73,61,53,74,62,70,51,72,60,52,64,76,55,63,71,50,42,54,75,67,46,34,22,43,31,10,02,14,33,41,20,01,13,25,37,16,04,12,00,21,40,32,44,23,15,07,26,47,66,45,57,36,17,05,24,03,11,30
16323563,429,03,24,45,66,74,62,70,51,72,60,52,73,61,53,65,77,56,64,76,55,63,71,50,42,54,75,67,46,34,22,30,11,32,40,21,00,12,04,16,37,25,17,05,13,01,20,41,33,14,06,27,15,07,26,47,35,43,31,10,02,23,44,36,57
1740389,57,04,25,46,67,75,63,71,50,62,70,51,72,60,52,73,61,53,74,66,54,42,30,22,43,64,76,55,47,35,56,77,65,57,45,37,16,24,03,11,32,40,21,00,12,33,41,20,01,13,34,26,05,17,36,44,23,31,10,02,14,06,27,15,07
36832735,1010,06,27,35,56,77,65,73,61,53,74,62,70,51,72,60,52,64,76,55,63,71,50,42,54,75,67,46,34,22,43,31,10,02,14,33,41,20,01,13,25,37,16,04,12,00,21,40,32,44,23,15,07,26,47,66,45,57,36,17,05,24,03,11,30
28534570,818,12,33,54,75,63,71,50,62,70,51,72,60,52,73,61,53,74,66,45,57,65,77,56,64,76,55,67,46,34,42,30,22,41,20,01,13,25,37,16,04,23,44,36,17,05,24,43,31,10,02,14,06,27,35,47,26,07,15,03,11,32,40,21,00
5759691,168,17,25,46,67,75,63,71,50,62,70,51,72,60,52,73,61,53,74,66,54,42,30,22,43,64,76,55,47,35,56,77,65,57,36,44,32,40,21,00,12,04,16,37,45,33,41,20,01,13,34,26,05,24,03,11,23,31,10,02,14,06,27,15,07
500153,16,25,46,67,75,63,71,50,62,70,51,72,60,52,73,61,53,74,66,54,42,30,22,43,64,76,55,47,35,56,77,65,57,45,33,41,20,01,13,34,26,07,15,27,06,14,02,10,31,23,44,36,17,05,24,03,11,32,40,21,00,12,04,16,37
9443107,256,32,53,74,62,70,51,72,60,52,73,61,40,21,42,63,71,50,31,43,64,76,55,67,75,54,66,45,57,65,77,56,44,36,24,03,11,30,22,10,02,23,35,47,26,07,15,34,46,27,06,14,33,41,20,01,13,05,17,25,37,16,04,12,00
8812137,242,33,54,75,63,71,50,62,70,51,72,60,52,73,61,53,74,66,45,57,65,77,56,64,76,55,67,46,34,42,30,22,43,31,10,02,14,35,47,26,07,15,27,06,25,37,16,24,03,11,32,40,21,00,12,04,23,44,36,17,05,13,01,20,41
44500417,1282,34,55,76,64,72,60,52,73,61,53,74,62,70,51,63,71,50,42,54,75,67,46,65,77,56,44,32,40,21,33,41,20,01,22,30,11,23,31,10,02,14,06,27,35,43,24,03,15,07,26,47,66,45,57,36,17,05,13,25,37,16,04,12,00
50709236,1393,35,56,77,65,73,61,53,74,62,70,51,72,60,52,64,76,55,63,71,50,42,54,75,67,46,34,22,43,31,10,02,23,44,32,40,21,00,12,04,16,37,25,13,01,20,41,33,14,06,27,15,07,26,47,66,45,57,36,17,05,24,03,11,30
116403,3,40,61,73,65,77,56,64,72,60,52,44,32,53,74,62,70,51,63,71,50,42,54,75,67,55,76,57,45,66,47,35,43,31,23,11,03,24,36,15,07,26,34,46,27,06,14,33,41,20,01,13,05,17,25,37,16,04,12,00,21,02,10,22,30
60946232,1746,43,64,72,60,52,73,61,53,74,62,70,51,63,71,50,42,54,75,67,55,76,57,65,77,56,44,32,40,21,33,41,20,01,22,30,11,23,31,10,02,14,35,47,66,45,26,07,15,03,24,36,17,05,13,34,46,27,06,25,37,16,04,12,00
239998,7,46,67,75,63,71,50,62,70,51,72,60,52,73,61,53,74,66,54,42,30,22,43,64,76,55,47,35,56,77,65,57,45,33,41,20,32,40,21,00,12,04,16,37,25,44,36,17,05,24,03,11,23,31,10,02,14,06,27,15,07,26,34,13,01
18403814,492,50,71,63,75,67,55,76,64,72,60,52,73,61,53,74,62,70,51,43,31,23,44,65,77,56,35,47,66,54,42,30,22,10,02,14,26,07,15,36,57,45,33,41,20,01,13,34,46,27,06,25,37,16,04,12,00,21,40,32,11,03,24,05,17
18914776,536,53,74,62,70,51,72,60,52,73,61,40,32,44,65,77,56,64,76,55,63,71,50,42,54,75,67,46,34,22,43,31,10,02,23,35,47,66,45,57,36,17,25,37,16,04,12,00,21,13,01,20,41,33,14,06,27,15,07,26,05,24,03,11,30
31096436,863,54,75,63,71,50,62,70,51,72,60,52,73,61,53,74,66,45,57,65,77,56,64,76,55,67,46,34,42,30,22,43,31,10,02,23,44,32,40,21,00,12,04,25,37,16,24,36,17,05,13,01,20,41,33,14,06,27,35,47,26,07,15,03,11
284511,9,60,72,64,76,55,63,71,50,62,70,51,43,31,52,73,61,53,74,66,54,75,67,46,34,42,30,22,10,02,23,44,65,77,56,35,47,26,14,33,41,20,01,13,05,17,36,57,45,37,16,24,03,11,32,40,21,00,12,04,25,06,27,15,07
215684,6,61,73,65,77,56,64,72,60,52,40,32,53,74,62,70,51,63,71,50,42,54,75,67,55,76,57,45,66,47,35,43,31,23,44,36,24,12,00,21,33,41,20,01,13,34,46,27,06,14,02,10,22,30,11,03,15,07,26,05,17,25,37,16,04
876934,24,62,70,51,72,60,52,73,61,53,74,66,54,75,63,71,50,42,30,22,43,64,76,55,67,46,34,26,47,35,56,77,65,57,45,33,41,20,01,13,25,37,16,04,12,00,21,40,32,44,36,17,05,24,03,11,23,31,10,02,14,06,27,15,07
24106752,681,63,71,50,62,70,51,72,60,52,73,61,53,74,66,54,75,67,55,76,64,56,77,65,57,45,33,41,20,32,40,21,42,30,22,01,13,34,46,27,35,47,26,07,15,03,11,23,44,36,17,05,24,43,31,10,02,14,06,25,37,16,04,12,00
13975878,384,67,75,63,71,50,62,70,51,72,60,52,73,61,53,74,66,54,42,30,22,43,64,76,55,47,35,56,77,65,57,45,33,41,20,01,13,34,46,25,37,16,24,03,11,32,40,21,00,12,04,23,44,36,17,05,26,07,15,27,06,14,02,10,31
258882,7,72,60,52,73,61,53,74,62,70,51,63,71,50,42,54,75,67,55,76,64,56,77,65,57,45,66,47,35,43,31,23,44,32,40,21,33,41,20,01,13,34,46,27,15,07,26,05,17,36,24,03,11,30,22,10,02,14,06,25,37,16,04,12,00
876934,34,75,63,71,50,62,70,51,72,60,52,73,61,53,74,66,54,42,30,22,43,64,76,55,67,46,34,26,47,35,56,77,65,57,45,33,41,20,01,13,25,37,16,04,12,00,21,40,32,44,36,17,05,24,03,11,23,31,10,02,14,06,27,15,07
16851,1,76,64,72,60,52,73,61,53,74,62,70,51,63,71,50,42,54,75,67,55,43,31,23,44,65,77,56,35,47,66,45,57,36,24,32,40,21,33,41,20,01,13,34,46,27,06,14,02,10,22,30,11,03,15,07,26,05,17,25,37,16,04,12,00
16323563,438,03,24,45,66,74,62,70,51,72,60,52,73,61,53,65,77,56,64,76,55,63,71,50,42,54,75,67,46,34,22,30,11,32,40,21,00,12,04,16,37,25,17,05,13,01,20,41,33,14,06,27,15,07,26,47,35,43,31,10,02,23,44,36,57
1740389,58,04,25,46,67,75,63,71,50,62,70,51,72,60,52,73,61,53,74,66,54,42,30,22,43,64,76,55,47,35,56,77,65,57,45,37,16,24,03,11,32,40,21,00,12,33,41,20,01,13,34,26,05,17,36,44,23,31,10,02,14,06,27,15,07
16323563,415,03,24,45,66,74,62,70,51,72,60,52,73,61,53,65,77,56,64,76,55,63,71,50,42,54,75,67,46,34,22,30,11,32,40,21,00,12,04,16,37,25,17,05,13,01,20,41,33,14,06,27,15,07,26,47,35,43,31,10,02,23,44,36,57
1740389,57,04,25,46,67,75,63,71,50,62,70,51,72,60,52,73,61,53,74,66,54,42,30,22,43,64,76,55,47,35,56,77,65,57,45,37,16,24,03,11,32,40,21,00,12,33,41,20,01,13,34,26,05,17,36,44,23,31,10,02,14,06,27,15,07
36832735,1095,06,27,35,56,77,65,73,61,53,74,62,70,51,72,60,52,64,76,55,63,71,50,42,54,75,67,46,34,22,43,31,10,02,14,33,41,20,01,13,25,37,16,04,12,00,21,40,32,44,23,15,07,26,47,66,45,57,36,17,05,24,03,11,30
16323563,451,03,24,45,66,74,62,70,51,72,60,52,73,61,53,65,77,56,64,76,55,63,71,50,42,54,75,67,46,34,22,30,11,32,40,21,00,12,04,16,37,25,17,05,13,01,20,41,33,14,06,27,15,07,26,47,35,43,31,10,02,23,44,36,57
1740389,52,04,25,46,67,75,63,71,50,62,70,51,72,60,52,73,61,53,74,66,54,42,30,22,43,64,76,55,47,35,56,77,65,57,45,37,16,24,03,11,32,40,21,00,12,33,41,20,01,13,34,26,05,17,36,44,23,31,10,02,14,06,27,15,07
16323563,408,03,24,45,66,74,62,70,51,72,60,52,73,61,53,65,77,56,64,76,55,63,71,50,42,54,75,67,46,34,22,30,11,32,40,21,00,12,04,16,37,25,17,05,13,01,20,41,33,14,06,27,15,07,26,47,35,43,31,10,02,23,44,36,57
1740389,55,04,25,46,67,75,63,71,50,62,70,51,72,60,52,73,61,53,74,66,54,42,30,22,43,64,76,55,47,35,56,77,65,57,45,37,16,24,03,11,32,40,21,00,12,33,41,20,01,13,34,26,05,17,36,44,23,31,10,02,14,06,27,15,07
16323563,518,03,24,45,66,74,62,70,51,72,60,52,73,61,53,65,77,56,64,76,55,63,71,50,42,54,75,67,46,34,22,30,11,32,40,21,00,12,04,16,37,25,17,05,13,01,20,41,33,14,06,27,15,07,26,47,35,43,31,10,02,23,44,36,57
1740389,55,04,25,46,67,75,63,71,50,62,70,51,72,60,52,73,61,53,74,66,54,42,30,22,43,64,76,55,47,35,56,77,65,57,45,37,16,24,03,11,32,40,21,00,12,33,41,20,01,13,34,26,05,17,36,44,23,31,10,02,14,06,27,15,07
16323563,475,03,24,45,66,74,62,70,51,72,60,52,73,61,53,65,77,56,64,76,55,63,71,50,42,54,75,67,46,34,22,30,11,32,40,21,00,12,04,16,37,25,17,05,13,01,20,41,33,14,06,27,15,07,26,47,35,43,31,10,02,23,44,36,57
1740389,58,04,25,46,67,75,63,71,50,62,70,51,72,60,52,73,61,53,74,66,54,42,30,22,43,64,76,55,47,35,56,77,65,57,45,37,16,24,03,11,32,40,21,00,12,33,41,20,01,13,34,26,05,17,36,44,23,31,10,02,14,06,27,15,07
36832735,1018,06,27,35,56,77,65,73,61,53,74,62,70,51,72,60,52,64,76,55,63,71,50,42,54,75,67,46,34,22,43,31,10,02,14,33,41,20,01,13,25,37,16,04,12,00,21,40,32,44,23,15,07,26,47,66,45,57,36,17,05,24,03,11,30
28534570,795,12,33,54,75,63,71,50,62,70,51,72,60,52,73,61,53,74,66,45,57,65,77,56,64,76,55,67,46,34,42,30,22,41,20,01,13,25,37,16,04,23,44,36,17,05,24,43,31,10,02,14,06,27,35,47,26,07,15,03,11,32,40,21,00
5759691,158,17,25,46,67,75,63,71,50,62,70,51,72,60,52,73,61,53,74,66,54,42,30,22,43,64,76,55,47,35,56,77,65,57,36,44,32,40,21,00,12,04,16,37,45,33,41,20,01,13,34,26,05,24,03,11,23,31,10,02,14,06,27,15,07
500153,20,25,46,67,75,63,71,50,62,70,51,72,60,52,73,61,53,74,66,54,42,30,22,43,64,76,55,47,35,56,77,65,57,45,33,41,20,01,13,34,26,07,15,27,06,14,02,10,31,23,44,36,17,05,24,03,11,32,40,21,00,12,04,16,37
9443107,264,32,53,74,62,70,51,72,60,52,73,61,40,21,42,63,71,50,31,43,64,76,55,67,75,54,66,45,57,65,77,56,44,36,24,03,11,30,22,10,02,23,35,47,26,07,15,34,46,27,06,14,33,41,20,01,13,05,17,25,37,16,04,12,00
8812137,251,33,54,75,63,71,50,62,70,51,72,60,52,73,61,53,74,66,45,57,65,77,56,64,76,55,67,46,34,42,30,22,43,31,10,02,14,35,47,26,07,15,27,06,25,37,16,24,03,11,32,40,21,00,12,04,23,44,36,17,05,13,01,20,41
44500417,1363,34,55,76,64,72,60,52,73,61,53,74,62,70,51,63,71,50,42,54,75,67,46,65,77,56,44,32,40,21,33,41,20,01,22,30,11,23,31,10,02,14,06,27,35,43,24,03,15,07,26,47,66,45,57,36,17,05,13,25,37,16,04,12,00
16323563,413,03,24,45,66,74,62,70,51,72,60,52,73,61,53,65,77,56,64,76,55,63,71,50,42,54,75,67,46,34,22,30,11,32,40,21,00,12,04,16,37,25,17,05,13,01,20,41,33,14,06,27,15,07,26,47,35,43,31,10,02,23,44,36,57
1740389,57,04,25,46,67,75,63,71,50,62,70,51,72,60,52,73,61,53,74,66,54,42,30,22,43,64,76,55,47,35,56,77,65,57,45,37,16,24,03,11,32,40,21,00,12,33,41,20,01,13,34,26,05,17,36,44,23,31,10,02,14,06,27,15,07
36832735,1025,06,27,35,56,77,65,73,61,53,74,62,70,51,72,60,52,64,76,55,63,71,50,42,54,75,67,46,34,22,43,31,10,02,14,33,41,20,01,13,25,37,16,04,12,00,21,40,32,44,23,15,07,26,47,66,45,57,36,17,05,24,03,11,30
28534570,789,12,33,54,75,63,71,50,62,70,51,72,60,52,73,61,53,74,66,45,57,65,77,56,64,76,55,67,46,34,42,30,22,41,20,01,13,25,37,16,04,23,44,36,17,05,24,43,31,10,02,14,06,27,35,47,26,07,15,03,11,32,40,21,00
5759691,155,17,25,46,67,75,63,71,50,62,70,51,72,60,52,73,61,53,74,66,54,42,30,22,43,64,76,55,47,35,56,77,65,57,36,44,32,40,21,00,12,04,16,37,45,33,41,20,01,13,34,26,05,24,03,11,23,31,10,02,14,06,27,15,07
500153,14,25,46,67,75,63,71,50,62,70,51,72,60,52,73,61,53,74,66,54,42,30,22,43,64,76,55,47,35,56,77,65,57,45,33,41,20,01,13,34,26,07,15,27,06,14,02,10,31,23,44,36,17,05,24,03,11,32,40,21,00,12,04,16,37
9443107,260,32,53,74,62,70,51,72,60,52,73,61,40,21,42,63,71,50,31,43,64,76,55,67,75,54,66,45,57,65,77,56,44,36,24,03,11,30,22,10,02,23,35,47,26,07,15,34,46,27,06,14,33,41,20,01,13,05,17,25,37,16,04,12,00
8812137,247,33,54,75,63,71,50,62,70,51,72,60,52,73,61,53,74,66,45,57,65,77,56,64,76,55,67,46,34,42,30,22,43,31,10,02,14,35,47,26,07,15,27,06,25,37,16,24,03,11,32,40,21,00,12,04,23,44,36,17,05,13,01,20,41
44500417,1296,34,55,76,64,72,60,52,73,61,53,74,62,70,51,63,71,50,42,54,75,67,46,65,77,56,44,32,40,21,33,41,20,01,22,30,11,23,31,10,02,14,06,27,35,43,24,03,15,07,26,47,66,45,57,36,17,05,13,25,37,16,04,12,00
50709236,1450,35,56,77,65,73,61,53,74,62,70,51,72,60,52,64,76,55,63,71,50,42,54,75,67,46,34,22,43,31,10,02,23,44,32,40,21,00,12,04,16,37,25,13,01,20,41,33,14,06,27,15,07,26,47,66,45,57,36,17,05,24,03,11,30
116403,3,40,61,73,65,77,56,64,72,60,52,44,32,53,74,62,70,51,63,71,50,42,54,75,67,55,76,57,45,66,47,35,43,31,23,11,03,24,36,15,07,26,34,46,27,06,14,33,41,20,01,13,05,17,25,37,16,04,12,00,21,02,10,22,30
60946232,1743,43,64,72,60,52,73,61,53,74,62,70,51,63,71,50,42,54,75,67,55,76,57,65,77,56,44,32,40,21,33,41,20,01,22,30,11,23,31,10,02,14,35,47,66,45,26,07,15,03,24,36,17,05,13,34,46,27,06,25,37,16,04,12,00
239998,7,46,67,75,63,71,50,62,70,51,72,60,52,73,61,53,74,66,54,42,30,22,43,64,76,55,47,35,56,77,65,57,45,33,41,20,32,40,21,00,12,04,16,37,25,44,36,17,05,24,03,11,23,31,10,02,14,06,27,15,07,26,34,13,01
18403814,525,50,71,63,75,67,55,76,64,72,60,52,73,61,53,74,62,70,51,43,31,23,44,65,77,56,35,47,66,54,42,30,22,10,02,14,26,07,15,36,57,45,33,41,20,01,13,34,46,27,06,25,37,16,04,12,00,21,40,32,11,03,24,05,17
18914776,548,53,74,62,70,51,72,60,52,73,61,40,32,44,65,77,56,64,76,55,63,71,50,42,54,75,67,46,34,22,43,31,10,02,23,35,47,66,45,57,36,17,25,37,16,04,12,00,21,13,01,20,41,33,14,06,27,15,07,26,05,24,03,11,30
31096436,963,54,75,63,71,50,62,70,51,72,60,52,73,61,53,74,66,45,57,65,77,56,64,76,55,67,46,34,42,30,22,43,31,10,02,23,44,32,40,21,00,12,04,25,37,16,24,36,17,05,13,01,20,41,33,14,06,27,35,47,26,07,15,03,11
284511,8,60,72,64,76,55,63,71,50,62,70,51,43,31,52,73,61,53,74,66,54,75,67,46,34,42,30,22,10,02,23,44,65,77,56,35,47,26,14,33,41,20,01,13,05,17,36,57,45,37,16,24,03,11,32,40,21,00,12,04,25,06,27,15,07
215684,6,61,73,65,77,56,64,72,60,52,40,32,53,74,62,70,51,63,71,50,42,54,75,67,55,76,57,45,66,47,35,43,31,23,44,36,24,12,00,21,33,41,20,01,13,34,46,27,06,14,02,10,22,30,11,03,15,07,26,05,17,25,37,16,04
876934,25,62,70,51,72,60,52,73,61,53,74,66,54,75,63,71,50,42,30,22,43,64,76,55,67,46,34,26,47,35,56,77,65,57,45,33,41,20,01,13,25,37,16,04,12,00,21,40,32,44,36,17,05,24,03,11,23,31,10,02,14,06,27,15,07
24106752,671,63,71,50,62,70,51,72,60,52,73,61,53,74,66,54,75,67,55,76,64,56,77,65,57,45,33,41,20,32,40,21,42,30,22,01,13,34,46,27,35,47,26,07,15,03,11,23,44,36,17,05,24,43,31,10,02,14,06,25,37,16,04,12,00
13975878,398,67,75,63,71,50,62,70,51,72,60,52,73,61,53,74,66,54,42,30,22,43,64,76,55,47,35,56,77,65,57,45,33,41,20,01,13,34,46,25,37,16,24,03,11,32,40,21,00,12,04,23,44,36,17,05,26,07,15,27,06,14,02,10,31
258882,8,72,60,52,73,61,53,74,62,70,51,63,71,50,42,54,75,67,55,76,64,56,77,65,57,45,66,47,35,43,31,23,44,32,40,21,33,41,20,01,13,34,46,27,15,07,26,05,17,36,24,03,11,30,22,10,02,14,06,25,37,16,04,12,00
876934,25,75,63,71,50,62,70,51,72,60,52,73,61,53,74,66,54,42,30,22,43,64,76,55,67,46,34,26,47,35,56,77,65,57,45,33,41,20,01,13,25,37,16,04,12,00,21,40,32,44,36,17,05,24,03,11,23,31,10,02,14,06,27,15,07
16851,1,76,64,72,60,52,73,61,53,74,62,70,51,63,71,50,42,54,75,67,55,43,31,23,44,65,77,56,35,47,66,45,57,36,24,32,40,21,33,41,20,01,13,34,46,27,06,14,02,10,22,30,11,03,15,07,26,05,17,25,37,16,04,12,00
16323563,414,03,24,45,66,74,62,70,51,72,60,52,73,61,53,65,77,56,64,76,55,63,71,50,42,54,75,67,46,34,22,30,11,32,40,21,00,12,04,16,37,25,17,05,13,01,20,41,33,14,06,27,15,07,26,47,35,43,31,10,02,23,44,36,57
1740389,55,04,25,46,67,75,63,71,50,62,70,51,72,60,52,73,61,53,74,66,54,42,30,22,43,64,76,55,47,35,56,77,65,57,45,37,16,24,03,11,32,40,21,00,12,33,41,20,01,13,34,26,05,17,36,44,23,31,10,02,14,06,27,15,07
36832735,1082,06,27,35,56,77,65,73,61,53,74,62,70,51,72,60,52,64,76,55,63,71,50,42,54,75,67,46,34,22,43,31,10,02,14,33,41,20,01,13,25,37,16,04,12,00,21,40,32,44,23,15,07,26,47,66,45,57,36,17,05,24,03,11,30
28534570,792,12,33,54,75,63,71,50,62,70,51,72,60,52,73,61,53,74,66,45,57,65,77,56,64,76,55,67,46,34,42,30,22,41,20,01,13,25,37,16,04,23,44,36,17,05,24,43,31,10,02,14,06,27,35,47,26,07,15,03,11,32,40,21,00
5759691,156,17,25,46,67,75,63,71,50,62,70,51,72,60,52,73,61,53,74,66,54,42,30,22,43,64,76,55,47,35,56,77,65,57,36,44,32,40,21,00,12,04,16,37,45,33,41,20,01,13,34,26,05,24,03,11,23,31,10,02,14,06,27,15,07
500153,14,25,46,67,75,63,71,50,62,70,51,72,60,52,73,61,53,74,66,54,42,30,22,43,64,76,55,47,35,56,77,65,57,45,33,41,20,01,13,34,26,07,15,27,06,14,02,10,31,23,44,36,17,05,24,03,11,32,40,21,00,12,04,16,37
9443107,263,32,53,74,62,70,51,72,60,52,73,61,40,21,42,63,71,50,31,43,64,76,55,67,75,54,66,45,57,65,77,56,44,36,24,03,11,30,22,10,02,23,35,47,26,07,15,34,46,27,06,14,33,41,20,01,13,05,17,25,37,16,04,12,00
8812137,251,33,54,75,63,71,50,62,70,51,72,60,52,73,61,53,74,66,45,57,65,77,56,64,76,55,67,46,34,42,30,22,43,31,10,02,14,35,47,26,07,15,27,06,25,37,16,24,03,11,32,40,21,00,12,04,23,44,36,17,05,13,01,20,41
44500417,1293,34,55,76,64,72,60,52,73,61,53,74,62,70,51,63,71,50,42,54,75,67,46,65,77,56,44,32,40,21,33,41,20,01,22,30,11,23,31,10,02,14,06,27,35,43,24,03,15,07,26,47,66,45,57,36,17,05,13,25,37,16,04,12,00
50709236,1379,35,56,77,65,73,61,53,74,62,70,51,72,60,52,64,76,55,63,71,50,42,54,75,67,46,34,22,43,31,10,02,23,44,32,40,21,00,12,04,16,37,25,13,01,20,41,33,14,06,27,15,07,26,47,66,45,57,36,17,05,24,03,11,30
116403,3,40,61,73,65,77,56,64,72,60,52,44,32,53,74,62,70,51,63,71,50,42,54,75,67,55,76,57,45,66,47,35,43,31,23,11,03,24,36,15,07,26,34,46,27,06,14,33,41,20,01,13,05,17,25,37,16,04,12,00,21,02,10,22,30
60946232,1813,43,64,72,60,52,73,61,53,74,62,70,51,63,71,50,42,54,75,67,55,76,57,65,77,56,44,32,40,21,33,41,20,01,22,30,11,23,31,10,02,14,35,47,66,45,26,07,15,03,24,36,17,05,13,34,46,27,06,25,37,16,04,12,00
239998,7,46,67,75,63,71,50,62,70,51,72,60,52,73,61,53,74,66,54,42,30,22,43,64,76,55,47,35,56,77,65,57,45,33,41,20,32,40,21,00,12,04,16,37,25,44,36,17,05,24,03,11,23,31,10,02,14,06,27,15,07,26,34,13,01
18403814,503,50,71,63,75,67,55,76,64,72,60,52,73,61,53,74,62,70,51,43,31,23,44,65,77,56,35,47,66,54,42,30,22,10,02,14,26,07,15,36,57,45,33,41,20,01,13,34,46,27,06,25,37,16,04,12,00,21,40,32,11,03,24,05,17
18914776,523,53,74,62,70,51,72,60,52,73,61,40,32,44,65,77,56,64,76,55,63,71,50,42,54,75,67,46,34,22,43,31,10,02,23,35,47,66,45,57,36,17,25,37,16,04,12,00,21,13,01,20,41,33,14,06,27,15,07,26,05,24,03,11,30
31096436,867,54,75,63,71,50,62,70,51,72,60,52,73,61,53,74,66,45,57,65,77,56,64,76,55,67,46,34,42,30,22,43,31,10,02,23,44,32,40,21,00,12,04,25,37,16,24,36,17,05,13,01,20,41,33,14,06,27,35,47,26,07,15,03,11
284511,12,60,72,64,76,55,63,71,50,62,70,51,43,31,52,73,61,53,74,66,54,75,67,46,34,42,30,22,10,02,23,44,65,77,56,35,47,26,14,33,41,20,01,13,05,17,36,57,45,37,16,24,03,11,32,40,21,00,12,04,25,06,27,15,07
215684,12,61,73,65,77,56,64,72,60,52,40,32,53,74,62,70,51,63,71,50,42,54,75,67,55,76,57,45,66,47,35,43,31,23,44,36,24,12,00,21,33,41,20,01,13,34,46,27,06,14,02,10,22,30,11,03,15,07,26,05,17,25,37,16,04
876934,29,62,70,51,72,60,52,73,61,53,74,66,54,75,63,71,50,42,30,22,43,64,76,55,67,46,34,26,47,35,56,77,65,57,45,33,41,20,01,13,25,37,16,04,12,00,21,40,32,44,36,17,05,24,03,11,23,31,10,02,14,06,27,15,07
24106752,677,63,71,50,62,70,51,72,60,52,73,61,53,74,66,54,75,67,55,76,64,56,77,65,57,45,33,41,20,32,40,21,42,30,22,01,13,34,46,27,35,47,26,07,15,03,11,23,44,36,17,05,24,43,31,10,02,14,06,25,37,16,04,12,00
13975878,402,67,75,63,71,50,62,70,51,72,60,52,73,61,53,74,66,54,42,30,22,43,64,76,55,47,35,56,77,65,57,45,33,41,20,01,13,34,46,25,37,16,24,03,11,32,40,21,00,12,04,23,44,36,17,05,26,07,15,27,06,14,02,10,31
258882,8,72,60,52,73,61,53,74,62,70,51,63,71,50,42,54,75,67,55,76,64,56,77,65,57,45,66,47,35,43,31,23,44,32,40,21,33,41,20,01,13,34,46,27,15,07,26,05,17,36,24,03,11,30,22,10,02,14,06,25,37,16,04,12,00
876934,26,75,63,71,50,62,70,51,72,60,52,73,61,53,74,66,54,42,30,22,43,64,76,55,67,46,34,26,47,35,56,77,65,57,45,33,41,20,01,13,25,37,16,04,12,00,21,40,32,44,36,17,05,24,03,11,23,31,10,02,14,06,27,15,07
16851,1,76,64,72,60,52,73,61,53,74,62,70,51,63,71,50,42,54,75,67,55,43,31,23,44,65,77,56,35,47,66,45,57,36,24,32,40,21,33,41,20,01,13,34,46,27,06,14,02,10,22,30,11,03,15,07,26,05,17,25,37,16,04,12,00
16323563,420,03,24,45,66,74,62,70,51,72,60,52,73,61,53,65,77,56,64,76,55,63,71,50,42,54,75,67,46,34,22,30,11,32,40,21,00,12,04,16,37,25,17,05,13,01,20,41,33,14,06,27,15,07,26,47,35,43,31,10,02,23,44,36,57
1740389,55,04,25,46,67,75,63,71,50,62,70,51,72,60,52,73,61,53,74,66,54,42,30,22,43,64,76,55,47,35,56,77,65,57,45,37,16,24,03,11,32,40,21,00,12,33,41,20,01,13,34,26,05,17,36,44,23,31,10,02,14,06,27,15,07
36832735,1019,06,27,35,56,77,65,73,61,53,74,62,70,51,72,60,52,64,76,55,63,71,50,42,54,75,67,46,34,22,43,31,10,02,14,33,41,20,01,13,25,37,16,04,12,00,21,40,32,44,23,15,07,26,47,66,45,57,36,17,05,24,03,11,30
16323563,462,03,24,45,66,74,62,70,51,72,60,52,73,61,53,65,77,56,64,76,55,63,71,50,42,54,75,67,46,34,22,30,11,32,40,21,00,12,04,16,37,25,17,05,13,01,20,41,33,14,06,27,15,07,26,47,35,43,31,10,02,23,44,36,57
1740389,240246,04,25,46,67,75,63,71,50,62,70,51,72,60,52,73,61,53,74,66,54,42,30,22,43,64,76,55,47,35,56,77,65,57,45,37,16,24,03,11,32,40,21,00,12,33,41,20,01,13,34,26,05,17,36,44,23,31,10,02,14,06,27,15,07
16323563,462,03,24,45,66,74,62,70,51,72,60,52,73,61,53,65,77,56,64,76,55,63,71,50,42,54,75,67,46,34,22,30,11,32,40,21,00,12,04,16,37,25,17,05,13,01,20,41,33,14,06,27,15,07,26,47,35,43,31,10,02,23,44,36,57
1740389,459077,04,25,46,67,75,63,71,50,62,70,51,72,60,52,73,61,53,74,66,54,42,30,22,43,64,76,55,47,35,56,77,65,57,45,37,16,24,03,11,32,40,21,00,12,33,41,20,01,13,34,26,05,17,36,44,23,31,10,02,14,06,27,15,07
16323563,417,03,24,45,66,74,62,70,51,72,60,52,73,61,53,65,77,56,64,76,55,63,71,50,42,54,75,67,46,34,22,30,11,32,40,21,00,12,04,16,37,25,17,05,13,01,20,41,33,14,06,27,15,07,26,47,35,43,31,10,02,23,44,36,57
1740389,57,04,25,46,67,75,63,71,50,62,70,51,72,60,52,73,61,53,74,66,54,42,30,22,43,64,76,55,47,35,56,77,65,57,45,37,16,24,03,11,32,40,21,00,12,33,41,20,01,13,34,26,05,17,36,44,23,31,10,02,14,06,27,15,07
36832735,1011,06,27,35,56,77,65,73,61,53,74,62,70,51,72,60,52,64,76,55,63,71,50,42,54,75,67,46,34,22,43,31,10,02,14,33,41,20,01,13,25,37,16,04,12,00,21,40,32,44,23,15,07,26,47,66,45,57,36,17,05,24,03,11,30
16323563,417,03,24,45,66,74,62,70,51,72,60,52,73,61,53,65,77,56,64,76,55,63,71,50,42,54,75,67,46,34,22,30,11,32,40,21,00,12,04,16,37,25,17,05,13,01,20,41,33,14,06,27,15,07,26,47,35,43,31,10,02,23,44,36,57
1740389,59,04,25,46,67,75,63,71,50,62,70,51,72,60,52,73,61,53,74,66,54,42,30,22,43,64,76,55,47,35,56,77,65,57,45,37,16,24,03,11,32,40,21,00,12,33,41,20,01,13,34,26,05,17,36,44,23,31,10,02,14,06,27,15,07
36832735,1056,06,27,35,56,77,65,73,61,53,74,62,70,51,72,60,52,64,76,55,63,71,50,42,54,75,67,46,34,22,43,31,10,02,14,33,41,20,01,13,25,37,16,04,12,00,21,40,32,44,23,15,07,26,47,66,45,57,36,17,05,24,03,11,30
28534570,790,12,33,54,75,63,71,50,62,70,51,72,60,52,73,61,53,74,66,45,57,65,77,56,64,76,55,67,46,34,42,30,22,41,20,01,13,25,37,16,04,23,44,36,17,05,24,43,31,10,02,14,06,27,35,47,26,07,15,03,11,32,40,21,00
5759691,157,17,25,46,67,75,63,71,50,62,70,51,72,60,52,73,61,53,74,66,54,42,30,22,43,64,76,55,47,35,56,77,65,57,36,44,32,40,21,00,12,04,16,37,45,33,41,20,01,13,34,26,05,24,03,11,23,31,10,02,14,06,27,15,07
500153,14,25,46,67,75,63,71,50,62,70,51,72,60,52,73,61,53,74,66,54,42,30,22,43,64,76,55,47,35,56,77,65,57,45,33,41,20,01,13,34,26,07,15,27,06,14,02,10,31,23,44,36,17,05,24,03,11,32,40,21,00,12,04,16,37
16323563,440,03,24,45,66,74,62,70,51,72,60,52,73,61,53,65,77,56,64,76,55,63,71,50,42,54,75,67,46,34,22,30,11,32,40,21,00,12,04,16,37,25,17,05,13,01,20,41,33,14,06,27,15,07,26,47,35,43,31,10,02,23,44,36,57
1740389,60,04,25,46,67,75,63,71,50,62,70,51,72,60,52,73,61,53,74,66,54,42,30,22,43,64,76,55,47,35,56,77,65,57,45,37,16,24,03,11,32,40,21,00,12,33,41,20,01,13,34,26,05,17,36,44,23,31,10,02,14,06,27,15,07
36832735,1045,06,27,35,56,77,65,73,61,53,74,62,70,51,72,60,52,64,76,55,63,71,50,42,54,75,67,46,34,22,43,31,10,02,14,33,41,20,01,13,25,37,16,04,12,00,21,40,32,44,23,15,07,26,47,66,45,57,36,17,05,24,03,11,30
28534570,846,12,33,54,75,63,71,50,62,70,51,72,60,52,73,61,53,74,66,45,57,65,77,56,64,76,55,67,46,34,42,30,22,41,20,01,13,25,37,16,04,23,44,36,17,05,24,43,31,10,02,14,06,27,35,47,26,07,15,03,11,32,40,21,00
16323563,427,03,24,45,66,74,62,70,51,72,60,52,73,61,53,65,77,56,64,76,55,63,71,50,42,54,75,67,46,34,22,30,11,32,40,21,00,12,04,16,37,25,17,05,13,01,20,41,33,14,06,27,15,07,26,47,35,43,31,10,02,23,44,36,57
1740389,55,04,25,46,67,75,63,71,50,62,70,51,72,60,52,73,61,53,74,66,54,42,30,22,43,64,76,55,47,35,56,77,65,57,45,37,16,24,03,11,32,40,21,00,12,33,41,20,01,13,34,26,05,17,36,44,23,31,10,02,14,06,27,15,07
36832735,1014,06,27,35,56,77,65,73,61,53,74,62,70,51,72,60,52,64,76,55,63,71,50,42,54,75,67,46,34,22,43,31,10,02,14,33,41,20,01,13,25,37,16,04,12,00,21,40,32,44,23,15,07,26,47,66,45,57,36,17,05,24,03,11,30
16323563,421,03,24,45,66,74,62,70,51,72,60,52,73,61,53,65,77,56,64,76,55,63,71,50,42,54,75,67,46,34,22,30,11,32,40,21,00,12,04,16,37,25,17,05,13,01,20,41,33,14,06,27,15,07,26,47,35,43,31,10,02,23,44,36,57
1740389,55,04,25,46,67,75,63,71,50,62,70,51,72,60,52,73,61,53,74,66,54,42,30,22,43,64,76,55,47,35,56,77,65,57,45,37,16,24,03,11,32,40,21,00,12,33,41,20,01,13,34,26,05,17,36,44,23,31,10,02,14,06,27,15,07
36832735,1016,06,27,35,56,77,65,73,61,53,74,62,70,51,72,60,52,64,76,55,63,71,50,42,54,75,67,46,34,22,43,31,10,02,14,33,41,20,01,13,25,37,16,04,12,00,21,40,32,44,23,15,07,26,47,66,45,57,36,17,05,24,03,11,30
28534570,792,12,33,54,75,63,71,50,62,70,51,72,60,52,73,61,53,74,66,45,57,65,77,56,64,76,55,67,46,34,42,30,22,41,20,01,13,25,37,16,04,23,44,36,17,05,24,43,31,10,02,14,06,27,35,47,26,07,15,03,11,32,40,21,00
5759691,177,17,25,46,67,75,63,71,50,62,70,51,72,60,52,73,61,53,74,66,54,42,30,22,43,64,76,55,47,35,56,77,65,57,36,44,32,40,21,00,12,04,16,37,45,33,41,20,01,13,34,26,05,24,03,11,23,31,10,02,14,06,27,15,07
500153,14,25,46,67,75,63,71,50,62,70,51,72,60,52,73,61,53,74,66,54,42,30,22,43,64,76,55,47,35,56,77,65,57,45,33,41,20,01,13,34,26,07,15,27,06,14,02,10,31,23,44,36,17,05,24,03,11,32,40,21,00,12,04,16,37
9443107,264,32,53,74,62,70,51,72,60,52,73,61,40,21,42,63,71,50,31,43,64,76,55,67,75,54,66,45,57,65,77,56,44,36,24,03,11,30,22,10,02,23,35,47,26,07,15,34,46,27,06,14,33,41,20,01,13,05,17,25,37,16,04,12,00
8812137,252,33,54,75,63,71,50,62,70,51,72,60,52,73,61,53,74,66,45,57,65,77,56,64,76,55,67,46,34,42,30,22,43,31,10,02,14,35,47,26,07,15,27,06,25,37,16,24,03,11,32,40,21,00,12,04,23,44,36,17,05,13,01,20,41
44500417,1290,34,55,76,64,72,60,52,73,61,53,74,62,70,51,63,71,50,42,54,75,67,46,65,77,56,44,32,40,21,33,41,20,01,22,30,11,23,31,10,02,14,06,27,35,43,24,03,15,07,26,47,66,45,57,36,17,05,13,25,37,16,04,12,00
50709236,1380,35,56,77,65,73,61,53,74,62,70,51,72,60,52,64,76,55,63,71,50,42,54,75,67,46,34,22,43,31,10,02,23,44,32,40,21,00,12,04,16,37,25,13,01,20,41,33,14,06,27,15,07,26,47,66,45,57,36,17,05,24,03,11,30
116403,4,40,61,73,65,77,56,64,72,60,52,44,32,53,74,62,70,51,63,71,50,42,54,75,67,55,76,57,45,66,47,35,43,31,23,11,03,24,36,15,07,26,34,46,27,06,14,33,41,20,01,13,05,17,25,37,16,04,12,00,21,02,10,22,30
16323563,425,03,24,45,66,74,62,70,51,72,60,52,73,61,53,65,77,56,64,76,55,63,71,50,42,54,75,67,46,34,22,30,11,32,40,21,00,12,04,16,37,25,17,05,13,01,20,41,33,14,06,27,15,07,26,47,35,43,31,10,02,23,44,36,57
1740389,59,04,25,46,67,75,63,71,50,62,70,51,72,60,52,73,61,53,74,66,54,42,30,22,43,64,76,55,47,35,56,77,65,57,45,37,16,24,03,11,32,40,21,00,12,33,41,20,01,13,34,26,05,17,36,44,23,31,10,02,14,06,27,15,07
36832735,1056,06,27,35,56,77,65,73,61,53,74,62,70,51,72,60,52,64,76,55,63,71,50,42,54,75,67,46,34,22,43,31,10,02,14,33,41,20,01,13,25,37,16,04,12,00,21,40,32,44,23,15,07,26,47,66,45,57,36,17,05,24,03,11,30
16323563,416,03,24,45,66,74,62,70,51,72,60,52,73,61,53,65,77,56,64,76,55,63,71,50,42,54,75,67,46,34,22,30,11,32,40,21,00,12,04,16,37,25,17,05,13,01,20,41,33,14,06,27,15,07,26,47,35,43,31,10,02,23,44,36,57
1740389,57,04,25,46,67,75,63,71,50,62,70,51,72,60,52,73,61,53,74,66,54,42,30,22,43,64,76,55,47,35,56,77,65,57,45,37,16,24,03,11,32,40,21,00,12,33,41,20,01,13,34,26,05,17,36,44,23,31,10,02,14,06,27,15,07
36832735,1021,06,27,35,56,77,65,73,61,53,74,62,70,51,72,60,52,64,76,55,63,71,50,42,54,75,67,46,34,22,43,31,10,02,14,33,41,20,01,13,25,37,16,04,12,00,21,40,32,44,23,15,07,26,47,66,45,57,36,17,05,24,03,11,30
16323563,414,03,24,45,66,74,62,70,51,72,60,52,73,61,53,65,77,56,64,76,55,63,71,50,42,54,75,67,46,34,22,30,11,32,40,21,00,12,04,16,37,25,17,05,13,01,20,41,33,14,06,27,15,07,26,47,35,43,31,10,02,23,44,36,57
1740389,55,04,25,46,67,75,63,71,50,62,70,51,72,60,52,73,61,53,74,66,54,42,30,22,43,64,76,55,47,35,56,77,65,57,45,37,16,24,03,11,32,40,21,00,12,33,41,20,01,13,34,26,05,17,36,44,23,31,10,02,14,06,27,15,07
36832735,1046,06,27,35,56,77,65,73,61,53,74,62,70,51,72,60,52,64,76,55,63,71,50,42,54,75,67,46,34,22,43,31,10,02,14,33,41,20,01,13,25,37,16,04,12,00,21,40,32,44,23,15,07,26,47,66,45,57,36,17,05,24,03,11,30
28534570,795,12,33,54,75,63,71,50,62,70,51,72,60,52,73,61,53,74,66,45,57,65,77,56,64,76,55,67,46,34,42,30,22,41,20,01,13,25,37,16,04,23,44,36,17,05,24,43,31,10,02,14,06,27,35,47,26,07,15,03,11,32,40,21,00
5759691,156,17,25,46,67,75,63,71,50,62,70,51,72,60,52,73,61,53,74,66,54,42,30,22,43,64,76,55,47,35,56,77,65,57,36,44,32,40,21,00,12,04,16,37,45,33,41,20,01,13,34,26,05,24,03,11,23,31,10,02,14,06,27,15,07
500153,14,25,46,67,75,63,71,50,62,70,51,72,60,52,73,61,53,74,66,54,42,30,22,43,64,76,55,47,35,56,77,65,57,45,33,41,20,01,13,34,26,07,15,27,06,14,02,10,31,23,44,36,17,05,24,03,11,32,40,21,00,12,04,16,37
9443107,264,32,53,74,62,70,51,72,60,52,73,61,40,21,42,63,71,50,31,43,64,76,55,67,75,54,66,45,57,65,77,56,44,36,24,03,11,30,22,10,02,23,35,47,26,07,15,34,46,27,06,14,33,41,20,01,13,05,17,25,37,16,04,12,00
8812137,293,33,54,75,63,71,50,62,70,51,72,60,52,73,61,53,74,66,45,57,65,77,56,64,76,55,67,46,34,42,30,22,43,31,10,02,14,35,47,26,07,15,27,06,25,37,16,24,03,11,32,40,21,00,12,04,23,44,36,17,05,13,01,20,41
44500417,1329,34,55,76,64,72,60,52,73,61,53,74,62,70,51,63,71,50,42,54,75,67,46,65,77,56,44,32,40,21,33,41,20,01,22,30,11,23,31,10,02,14,06,27,35,43,24,03,15,07,26,47,66,45,57,36,17,05,13,25,37,16,04,12,00
50709236,1378,35,56,77,65,73,61,53,74,62,70,51,72,60,52,64,76,55,63,71,50,42,54,75,67,46,34,22,43,31,10,02,23,44,32,40,21,00,12,04,16,37,25,13,01,20,41,33,14,06,27,15,07,26,47,66,45,57,36,17,05,24,03,11,30
116403,4,40,61,73,65,77,56,64,72,60,52,44,32,53,74,62,70,51,63,71,50,42,54,75,67,55,76,57,45,66,47,35,43,31,23,11,03,24,36,15,07,26,34,46,27,06,14,33,41,20,01,13,05,17,25,37,16,04,12,00,21,02,10,22,30
60946232,1732,43,64,72,60,52,73,61,53,74,62,70,51,63,71,50,42,54,75,67,55,76,57,65,77,56,44,32,40,21,33,41,20,01,22,30,11,23,31,10,02,14,35,47,66,45,26,07,15,03,24,36,17,05,13,34,46,27,06,25,37,16,04,12,00
239998,7,46,67,75,63,71,50,62,70,51,72,60,52,73,61,53,74,66,54,42,30,22,43,64,76,55,47,35,56,77,65,57,45,33,41,20,32,40,21,00,12,04,16,37,25,44,36,17,05,24,03,11,23,31,10,02,14,06,27,15,07,26,34,13,01
18403814,503,50,71,63,75,67,55,76,64,72,60,52,73,61,53,74,62,70,51,43,31,23,44,65,77,56,35,47,66,54,42,30,22,10,02,14,26,07,15,36,57,45,33,41,20,01,13,34,46,27,06,25,37,16,04,12,00,21,40,32,11,03,24,05,17
18914776,565,53,74,62,70,51,72,60,52,73,61,40,32,44,65,77,56,64,76,55,63,71,50,42,54,75,67,46,34,22,43,31,10,02,23,35,47,66,45,57,36,17,25,37,16,04,12,00,21,13,01,20,41,33,14,06,27,15,07,26,05,24,03,11,30
31096436,883,54,75,63,71,50,62,70,51,72,60,52,73,61,53,74,66,45,57,65,77,56,64,76,55,67,46,34,42,30,22,43,31,10,02,23,44,32,40,21,00,12,04,25,37,16,24,36,17,05,13,01,20,41,33,14,06,27,35,47,26,07,15,03,11
284511,8,60,72,64,76,55,63,71,50,62,70,51,43,31,52,73,61,53,74,66,54,75,67,46,34,42,30,22,10,02,23,44,65,77,56,35,47,26,14,33,41,20,01,13,05,17,36,57,45,37,16,24,03,11,32,40,21,00,12,04,25,06,27,15,07
215684,6,61,73,65,77,56,64,72,60,52,40,32,53,74,62,70,51,63,71,50,42,54,75,67,55,76,57,45,66,47,35,43,31,23,44,36,24,12,00,21,33,41,20,01,13,34,46,27,06,14,02,10,22,30,11,03,15,07,26,05,17,25,37,16,04
876934,26,62,70,51,72,60,52,73,61,53,74,66,54,75,63,71,50,42,30,22,43,64,76,55,67,46,34,26,47,35,56,77,65,57,45,33,41,20,01,13,25,37,16,04,12,00,21,40,32,44,36,17,05,24,03,11,23,31,10,02,14,06,27,15,07
24106752,669,63,71,50,62,70,51,72,60,52,73,61,53,74,66,54,75,67,55,76,64,56,77,65,57,45,33,41,20,32,40,21,42,30,22,01,13,34,46,27,35,47,26,07,15,03,11,23,44,36,17,05,24,43,31,10,02,14,06,25,37,16,04,12,00
13975878,393,67,75,63,71,50,62,70,51,72,60,52,73,61,53,74,66,54,42,30,22,43,64,76,55,47,35,56,77,65,57,45,33,41,20,01,13,34,46,25,37,16,24,03,11,32,40,21,00,12,04,23,44,36,17,05,26,07,15,27,06,14,02,10,31
258882,7,72,60,52,73,61,53,74,62,70,51,63,71,50,42,54,75,67,55,76,64,56,77,65,57,45,66,47,35,43,31,23,44,32,40,21,33,41,20,01,13,34,46,27,15,07,26,05,17,36,24,03,11,30,22,10,02,14,06,25,37,16,04,12,00
876934,26,75,63,71,50,62,70,51,72,60,52,73,61,53,74,66,54,42,30,22,43,64,76,55,67,46,34,26,47,35,56,77,65,57,45,33,41,20,01,13,25,37,16,04,12,00,21,40,32,44,36,17,05,24,03,11,23,31,10,02,14,06,27,15,07
16851,1,76,64,72,60,52,73,61,53,74,62,70,51,63,71,50,42,54,75,67,55,43,31,23,44,65,77,56,35,47,66,45,57,36,24,32,40,21,33,41,20,01,13,34,46,27,06,14,02,10,22,30,11,03,15,07,26,05,17,25,37,16,04,12,00
16323563,416,03,24,45,66,74,62,70,51,72,60,52,73,61,53,65,77,56,64,76,55,63,71,50,42,54,75,67,46,34,22,30,11,32,40,21,00,12,04,16,37,25,17,05,13,01,20,41,33,14,06,27,15,07,26,47,35,43,31,10,02,23,44,36,57
16323563,419,03,24,45,66,74,62,70,51,72,60,52,73,61,53,65,77,56,64,76,55,63,71,50,42,54,75,67,46,34,22,30,11,32,40,21,00,12,04,16,37,25,17,05,13,01,20,41,33,14,06,27,15,07,26,47,35,43,31,10,02,23,44,36,57
16323563,413,03,24,45,66,74,62,70,51,72,60,52,73,61,53,65,77,56,64,76,55,63,71,50,42,54,75,67,46,34,22,30,11,32,40,21,00,12,04,16,37,25,17,05,13,01,20,41,33,14,06,27,15,07,26,47,35,43,31,10,02,23,44,36,57
16323563,417,03,24,45,66,74,62,70,51,72,60,52,73,61,53,65,77,56,64,76,55,63,71,50,42,54,75,67,46,34,22,30,11,32,40,21,00,12,04,16,37,25,17,05,13,01,20,41,33,14,06,27,15,07,26,47,35,43,31,10,02,23,44,36,57
16323563,415,03,24,45,66,74,62,70,51,72,60,52,73,61,53,65,77,56,64,76,55,63,71,50,42,54,75,67,46,34,22,30,11,32,40,21,00,12,04,16,37,25,17,05,13,01,20,41,33,14,06,27,15,07,26,47,35,43,31,10,02,23,44,36,57
16323563,418,03,24,45,66,74,62,70,51,72,60,52,73,61,53,65,77,56,64,76,55,63,71,50,42,54,75,67,46,34,22,30,11,32,40,21,00,12,04,16,37,25,17,05,13,01,20,41,33,14,06,27,15,07,26,47,35,43,31,10,02,23,44,36,57
16323563,413,03,24,45,66,74,62,70,51,72,60,52,73,61,53,65,77,56,64,76,55,63,71,50,42,54,75,67,46,34,22,30,11,32,40,21,00,12,04,16,37,25,17,05,13,01,20,41,33,14,06,27,15,07,26,47,35,43,31,10,02,23,44,36,57
16323563,425,03,24,45,66,74,62,70,51,72,60,52,73,61,53,65,77,56,64,76,55,63,71,50,42,54,75,67,46,34,22,30,11,32,40,21,00,12,04,16,37,25,17,05,13,01,20,41,33,14,06,27,15,07,26,47,35,43,31,10,02,23,44,36,57
16323563,467,03,24,45,66,74,62,70,51,72,60,52,73,61,53,65,77,56,64,76,55,63,71,50,42,54,75,67,46,34,22,30,11,32,40,21,00,12,04,16,37,25,17,05,13,01,20,41,33,14,06,27,15,07,26,47,35,43,31,10,02,23,44,36,57
16323563,474,03,24,45,66,74,62,70,51,72,60,52,73,61,53,65,77,56,64,76,55,63,71,50,42,54,75,67,46,34,22,30,11,32,40,21,00,12,04,16,37,25,17,05,13,01,20,41,33,14,06,27,15,07,26,47,35,43,31,10,02,23,44,36,57
16323563,464,03,24,45,66,74,62,70,51,72,60,52,73,61,53,65,77,56,64,76,55,63,71,50,42,54,75,67,46,34,22,30,11,32,40,21,00,12,04,16,37,25,17,05,13,01,20,41,33,14,06,27,15,07,26,47,35,43,31,10,02,23,44,36,57
16323563,466,03,24,45,66,74,62,70,51,72,60,52,73,61,53,65,77,56,64,76,55,63,71,50,42,54,75,67,46,34,22,30,11,32,40,21,00,12,04,16,37,25,17,05,13,01,20,41,33,14,06,27,15,07,26,47,35,43,31,10,02,23,44,36,57
1740389,83,04,25,46,67,75,63,71,50,62,70,51,72,60,52,73,61,53,74,66,54,42,30,22,43,64,76,55,47,35,56,77,65,57,45,37,16,24,03,11,32,40,21,00,12,33,41,20,01,13,34,26,05,17,36,44,23,31,10,02,14,06,27,15,07
16323563,457,03,24,45,66,74,62,70,51,72,60,52,73,61,53,65,77,56,64,76,55,63,71,50,42,54,75,67,46,34,22,30,11,32,40,21,00,12,04,16,37,25,17,05,13,01,20,41,33,14,06,27,15,07,26,47,35,43,31,10,02,23,44,36,57
1740389,55,04,25,46,67,75,63,71,50,62,70,51,72,60,52,73,61,53,74,66,54,42,30,22,43,64,76,55,47,35,56,77,65,57,45,37,16,24,03,11,32,40,21,00,12,33,41,20,01,13,34,26,05,17,36,44,23,31,10,02,14,06,27,15,07
36832735,1044,06,27,35,56,77,65,73,61,53,74,62,70,51,72,60,52,64,76,55,63,71,50,42,54,75,67,46,34,22,43,31,10,02,14,33,41,20,01,13,25,37,16,04,12,00,21,40,32,44,23,15,07,26,47,66,45,57,36,17,05,24,03,11,30
28534570,824,12,33,54,75,63,71,50,62,70,51,72,60,52,73,61,53,74,66,45,57,65,77,56,64,76,55,67,46,34,42,30,22,41,20,01,13,25,37,16,04,23,44,36,17,05,24,43,31,10,02,14,06,27,35,47,26,07,15,03,11,32,40,21,00
5759691,169,17,25,46,67,75,63,71,50,62,70,51,72,60,52,73,61,53,74,66,54,42,30,22,43,64,76,55,47,35,56,77,65,57,36,44,32,40,21,00,12,04,16,37,45,33,41,20,01,13,34,26,05,24,03,11,23,31,10,02,14,06,27,15,07
500153,14,25,46,67,75,63,71,50,62,70,51,72,60,52,73,61,53,74,66,54,42,30,22,43,64,76,55,47,35,56,77,65,57,45,33,41,20,01,13,34,26,07,15,27,06,14,02,10,31,23,44,36,17,05,24,03,11,32,40,21,00,12,04,16,37
9443107,267,32,53,74,62,70,51,72,60,52,73,61,40,21,42,63,71,50,31,43,64,76,55,67,75,54,66,45,57,65,77,56,44,36,24,03,11,30,22,10,02,23,35,47,26,07,15,34,46,27,06,14,33,41,20,01,13,05,17,25,37,16,04,12,00
8812137,252,33,54,75,63,71,50,62,70,51,72,60,52,73,61,53,74,66,45,57,65,77,56,64,76,55,67,46,34,42,30,22,43,31,10,02,14,35,47,26,07,15,27,06,25,37,16,24,03,11,32,40,21,00,12,04,23,44,36,17,05,13,01,20,41
44500417,1300,34,55,76,64,72,60,52,73,61,53,74,62,70,51,63,71,50,42,54,75,67,46,65,77,56,44,32,40,21,33,41,20,01,22,30,11,23,31,10,02,14,06,27,35,43,24,03,15,07,26,47,66,45,57,36,17,05,13,25,37,16,04,12,00
50709236,1403,35,56,77,65,73,61,53,74,62,70,51,72,60,52,64,76,55,63,71,50,42,54,75,67,46,34,22,43,31,10,02,23,44,32,40,21,00,12,04,16,37,25,13,01,20,41,33,14,06,27,15,07,26,47,66,45,57,36,17,05,24,03,11,30
116403,3,40,61,73,65,77,56,64,72,60,52,44,32,53,74,62,70,51,63,71,50,42,54,75,67,55,76,57,45,66,47,35,43,31,23,11,03,24,36,15,07,26,34,46,27,06,14,33,41,20,01,13,05,17,25,37,16,04,12,00,21,02,10,22,30
60946232,1821,43,64,72,60,52,73,61,53,74,62,70,51,63,71,50,42,54,75,67,55,76,57,65,77,56,44,32,40,21,33,41,20,01,22,30,11,23,31,10,02,14,35,47,66,45,26,07,15,03,24,36,17,05,13,34,46,27,06,25,37,16,04,12,00
239998,7,46,67,75,63,71,50,62,70,51,72,60,52,73,61,53,74,66,54,42,30,22,43,64,76,55,47,35,56,77,65,57,45,33,41,20,32,40,21,00,12,04,16,37,25,44,36,17,05,24,03,11,23,31,10,02,14,06,27,15,07,26,34,13,01
18403814,506,50,71,63,75,67,55,76,64,72,60,52,73,61,53,74,62,70,51,43,31,23,44,65,77,56,35,47,66,54,42,30,22,10,02,14,26,07,15,36,57,45,33,41,20,01,13,34,46,27,06,25,37,16,04,12,00,21,40,32,11,03,24,05,17
18914776,533,53,74,62,70,51,72,60,52,73,61,40,32,44,65,77,56,64,76,55,63,71,50,42,54,75,67,46,34,22,43,31,10,02,23,35,47,66,45,57,36,17,25,37,16,04,12,00,21,13,01,20,41,33,14,06,27,15,07,26,05,24,03,11,30
31096436,868,54,75,63,71,50,62,70,51,72,60,52,73,61,53,74,66,45,57,65,77,56,64,76,55,67,46,34,42,30,22,43,31,10,02,23,44,32,40,21,00,12,04,25,37,16,24,36,17,05,13,01,20,41,33,14,06,27,35,47,26,07,15,03,11
284511,8,60,72,64,76,55,63,71,50,62,70,51,43,31,52,73,61,53,74,66,54,75,67,46,34,42,30,22,10,02,23,44,65,77,56,35,47,26,14,33,41,20,01,13,05,17,36,57,45,37,16,24,03,11,32,40,21,00,12,04,25,06,27,15,07
215684,7,61,73,65,77,56,64,72,60,52,40,32,53,74,62,70,51,63,71,50,42,54,75,67,55,76,57,45,66,47,35,43,31,23,44,36,24,12,00,21,33,41,20,01,13,34,46,27,06,14,02,10,22,30,11,03,15,07,26,05,17,25,37,16,04
876934,26,62,70,51,72,60,52,73,61,53,74,66,54,75,63,71,50,42,30,22,43,64,76,55,67,46,34,26,47,35,56,77,65,57,45,33,41,20,01,13,25,37,16,04,12,00,21,40,32,44,36,17,05,24,03,11,23,31,10,02,14,06,27,15,07
24106752,685,63,71,50,62,70,51,72,60,52,73,61,53,74,66,54,75,67,55,76,64,56,77,65,57,45,33,41,20,32,40,21,42,30,22,01,13,34,46,27,35,47,26,07,15,03,11,23,44,36,17,05,24,43,31,10,02,14,06,25,37,16,04,12,00
13975878,398,67,75,63,71,50,62,70,51,72,60,52,73,61,53,74,66,54,42,30,22,43,64,76,55,47,35,56,77,65,57,45,33,41,20,01,13,34,46,25,37,16,24,03,11,32,40,21,00,12,04,23,44,36,17,05,26,07,15,27,06,14,02,10,31
258882,7,72,60,52,73,61,53,74,62,70,51,63,71,50,42,54,75,67,55,76,64,56,77,65,57,45,66,47,35,43,31,23,44,32,40,21,33,41,20,01,13,34,46,27,15,07,26,05,17,36,24,03,11,30,22,10,02,14,06,25,37,16,04,12,00
876934,26,75,63,71,50,62,70,51,72,60,52,73,61,53,74,66,54,42,30,22,43,64,76,55,67,46,34,26,47,35,56,77,65,57,45,33,41,20,01,13,25,37,16,04,12,00,21,40,32,44,36,17,05,24,03,11,23,31,10,02,14,06,27,15,07
16851,1,76,64,72,60,52,73,61,53,74,62,70,51,63,71,50,42,54,75,67,55,43,31,23,44,65,77,56,35,47,66,45,57,36,24,32,40,21,33,41,20,01,13,34,46,27,06,14,02,10,22,30,11,03,15,07,26,05,17,25,37,16,04,12,00
16323563,422,03,24,45,66,74,62,70,51,72,60,52,73,61,53,65,77,56,64,76,55,63,71,50,42,54,75,67,46,34,22,30,11,32,40,21,00,12,04,16,37,25,17,05,13,01,20,41,33,14,06,27,15,07,26,47,35,43,31,10,02,23,44,36,57
1740389,56,04,25,46,67,75,63,71,50,62,70,51,72,60,52,73,61,53,74,66,54,42,30,22,43,64,76,55,47,35,56,77,65,57,45,37,16,24,03,11,32,40,21,00,12,33,41,20,01,13,34,26,05,17,36,44,23,31,10,02,14,06,27,15,07
36832735,1071,06,27,35,56,77,65,73,61,53,74,62,70,51,72,60,52,64,76,55,63,71,50,42,54,75,67,46,34,22,43,31,10,02,14,33,41,20,01,13,25,37,16,04,12,00,21,40,32,44,23,15,07,26,47,66,45,57,36,17,05,24,03,11,30
28534570,791,12,33,54,75,63,71,50,62,70,51,72,60,52,73,61,53,74,66,45,57,65,77,56,64,76,55,67,46,34,42,30,22,41,20,01,13,25,37,16,04,23,44,36,17,05,24,43,31,10,02,14,06,27,35,47,26,07,15,03,11,32,40,21,00
5759691,156,17,25,46,67,75,63,71,50,62,70,51,72,60,52,73,61,53,74,66,54,42,30,22,43,64,76,55,47,35,56,77,65,57,36,44,32,40,21,00,12,04,16,37,45,33,41,20,01,13,34,26,05,24,03,11,23,31,10,02,14,06,27,15,07
16323563,423,03,24,45,66,74,62,70,51,72,60,52,73,61,53,65,77,56,64,76,55,63,71,50,42,54,75,67,46,34,22,30,11,32,40,21,00,12,04,16,37,25,17,05,13,01,20,41,33,14,06,27,15,07,26,47,35,43,31,10,02,23,44,36,57
16323563,416,03,24,45,66,74,62,70,51,72,60,52,73,61,53,65,77,56,64,76,55,63,71,50,42,54,75,67,46,34,22,30,11,32,40,21,00,12,04,16,37,25,17,05,13,01,20,41,33,14,06,27,15,07,26,47,35,43,31,10,02,23,44,36,57
1740389,55,04,25,46,67,75,63,71,50,62,70,51,72,60,52,73,61,53,74,66,54,42,30,22,43,64,76,55,47,35,56,77,65,57,45,37,16,24,03,11,32,40,21,00,12,33,41,20,01,13,34,26,05,17,36,44,23,31,10,02,14,06,27,15,07
36832735,1027,06,27,35,56,77,65,73,61,53,74,62,70,51,72,60,52,64,76,55,63,71,50,42,54,75,67,46,34,22,43,31,10,02,14,33,41,20,01,13,25,37,16,04,12,00,21,40,32,44,23,15,07,26,47,66,45,57,36,17,05,24,03,11,30
28534570,789,12,33,54,75,63,71,50,62,70,51,72,60,52,73,61,53,74,66,45,57,65,77,56,64,76,55,67,46,34,42,30,22,41,20,01,13,25,37,16,04,23,44,36,17,05,24,43,31,10,02,14,06,27,35,47,26,07,15,03,11,32,40,21,00
5759691,158,17,25,46,67,75,63,71,50,62,70,51,72,60,52,73,61,53,74,66,54,42,30,22,43,64,76,55,47,35,56,77,65,57,36,44,32,40,21,00,12,04,16,37,45,33,41,20,01,13,34,26,05,24,03,11,23,31,10,02,14,06,27,15,07
500153,14,25,46,67,75,63,71,50,62,70,51,72,60,52,73,61,53,74,66,54,42,30,22,43,64,76,55,47,35,56,77,65,57,45,33,41,20,01,13,34,26,07,15,27,06,14,02,10,31,23,44,36,17,05,24,03,11,32,40,21,00,12,04,16,37
9443107,262,32,53,74,62,70,51,72,60,52,73,61,40,21,42,63,71,50,31,43,64,76,55,67,75,54,66,45,57,65,77,56,44,36,24,03,11,30,22,10,02,23,35,47,26,07,15,34,46,27,06,14,33,41,20,01,13,05,17,25,37,16,04,12,00
8812137,251,33,54,75,63,71,50,62,70,51,72,60,52,73,61,53,74,66,45,57,65,77,56,64,76,55,67,46,34,42,30,22,43,31,10,02,14,35,47,26,07,15,27,06,25,37,16,24,03,11,32,40,21,00,12,04,23,44,36,17,05,13,01,20,41
16323563,421,03,24,45,66,74,62,70,51,72,60,52,73,61,53,65,77,56,64,76,55,63,71,50,42,54,75,67,46,34,22,30,11,32,40,21,00,12,04,16,37,25,17,05,13,01,20,41,33,14,06,27,15,07,26,47,35,43,31,10,02,23,44,36,57
16323563,422,03,24,45,66,74,62,70,51,72,60,52,73,61,53,65,77,56,64,76,55,63,71,50,42,54,75,67,46,34,22,30,11,32,40,21,00,12,04,16,37,25,17,05,13,01,20,41,33,14,06,27,15,07,26,47,35,43,31,10,02,23,44,36,57
1740389,56,04,25,46,67,75,63,71,50,62,70,51,72,60,52,73,61,53,74,66,54,42,30,22,43,64,76,55,47,35,56,77,65,57,45,37,16,24,03,11,32,40,21,00,12,33,41,20,01,13,34,26,05,17,36,44,23,31,10,02,14,06,27,15,07
36832735,1091,06,27,35,56,77,65,73,61,53,74,62,70,51,72,60,52,64,76,55,63,71,50,42,54,75,67,46,34,22,43,31,10,02,14,33,41,20,01,13,25,37,16,04,12,00,21,40,32,44,23,15,07,26,47,66,45,57,36,17,05,24,03,11,30
28534570,805,12,33,54,75,63,71,50,62,70,51,72,60,52,73,61,53,74,66,45,57,65,77,56,64,76,55,67,46,34,42,30,22,41,20,01,13,25,37,16,04,23,44,36,17,05,24,43,31,10,02,14,06,27,35,47,26,07,15,03,11,32,40,21,00
5759691,158,17,25,46,67,75,63,71,50,62,70,51,72,60,52,73,61,53,74,66,54,42,30,22,43,64,76,55,47,35,56,77,65,57,36,44,32,40,21,00,12,04,16,37,45,33,41,20,01,13,34,26,05,24,03,11,23,31,10,02,14,06,27,15,07
500153,14,25,46,67,75,63,71,50,62,70,51,72,60,52,73,61,53,74,66,54,42,30,22,43,64,76,55,47,35,56,77,65,57,45,33,41,20,01,13,34,26,07,15,27,06,14,02,10,31,23,44,36,17,05,24,03,11,32,40,21,00,12,04,16,37
9443107,264,32,53,74,62,70,51,72,60,52,73,61,40,21,42,63,71,50,31,43,64,76,55,67,75,54,66,45,57,65,77,56,44,36,24,03,11,30,22,10,02,23,35,47,26,07,15,34,46,27,06,14,33,41,20,01,13,05,17,25,37,16,04,12,00
8812137,259,33,54,75,63,71,50,62,70,51,72,60,52,73,61,53,74,66,45,57,65,77,56,64,76,55,67,46,34,42,30,22,43,31,10,02,14,35,47,26,07,15,27,06,25,37,16,24,03,11,32,40,21,00,12,04,23,44,36,17,05,13,01,20,41
44500417,1290,34,55,76,64,72,60,52,73,61,53,74,62,70,51,63,71,50,42,54,75,67,46,65,77,56,44,32,40,21,33,41,20,01,22,30,11,23,31,10,02,14,06,27,35,43,24,03,15,07,26,47,66,45,57,36,17,05,13,25,37,16,04,12,00
50709236,1445,35,56,77,65,73,61,53,74,62,70,51,72,60,52,64,76,55,63,71,50,42,54,75,67,46,34,22,43,31,10,02,23,44,32,40,21,00,12,04,16,37,25,13,01,20,41,33,14,06,27,15,07,26,47,66,45,57,36,17,05,24,03,11,30
116403,3,40,61,73,65,77,56,64,72,60,52,44,32,53,74,62,70,51,63,71,50,42,54,75,67,55,76,57,45,66,47,35,43,31,23,11,03,24,36,15,07,26,34,46,27,06,14,33,41,20,01,13,05,17,25,37,16,04,12,00,21,02,10,22,30
60946232,1881,43,64,72,60,52,73,61,53,74,62,70,51,63,71,50,42,54,75,67,55,76,57,65,77,56,44,32,40,21,33,41,20,01,22,30,11,23,31,10,02,14,35,47,66,45,26,07,15,03,24,36,17,05,13,34,46,27,06,25,37,16,04,12,00
239998,7,46,67,75,63,71,50,62,70,51,72,60,52,73,61,53,74,66,54,42,30,22,43,64,76,55,47,35,56,77,65,57,45,33,41,20,32,40,21,00,12,04,16,37,25,44,36,17,05,24,03,11,23,31,10,02,14,06,27,15,07,26,34,13,01
18403814,505,50,71,63,75,67,55,76,64,72,60,52,73,61,53,74,62,70,51,43,31,23,44,65,77,56,35,47,66,54,42,30,22,10,02,14,26,07,15,36,57,45,33,41,20,01,13,34,46,27,06,25,37,16,04,12,00,21,40,32,11,03,24,05,17
18914776,528,53,74,62,70,51,72,60,52,73,61,40,32,44,65,77,56,64,76,55,63,71,50,42,54,75,67,46,34,22,43,31,10,02,23,35,47,66,45,57,36,17,25,37,16,04,12,00,21,13,01,20,41,33,14,06,27,15,07,26,05,24,03,11,30
31096436,871,54,75,63,71,50,62,70,51,72,60,52,73,61,53,74,66,45,57,65,77,56,64,76,55,67,46,34,42,30,22,43,31,10,02,23,44,32,40,21,00,12,04,25,37,16,24,36,17,05,13,01,20,41,33,14,06,27,35,47,26,07,15,03,11
284511,8,60,72,64,76,55,63,71,50,62,70,51,43,31,52,73,61,53,74,66,54,75,67,46,34,42,30,22,10,02,23,44,65,77,56,35,47,26,14,33,41,20,01,13,05,17,36,57,45,37,16,24,03,11,32,40,21,00,12,04,25,06,27,15,07
215684,7,61,73,65,77,56,64,72,60,52,40,32,53,74,62,70,51,63,71,50,42,54,75,67,55,76,57,45,66,47,35,43,31,23,44,36,24,12,00,21,33,41,20,01,13,34,46,27,06,14,02,10,22,30,11,03,15,07,26,05,17,25,37,16,04
876934,30,62,70,51,72,60,52,73,61,53,74,66,54,75,63,71,50,42,30,22,43,64,76,55,67,46,34,26,47,35,56,77,65,57,45,33,41,20,01,13,25,37,16,04,12,00,21,40,32,44,36,17,05,24,03,11,23,31,10,02,14,06,27,15,07
24106752,684,63,71,50,62,70,51,72,60,52,73,61,53,74,66,54,75,67,55,76,64,56,77,65,57,45,33,41,20,32,40,21,42,30,22,01,13,34,46,27,35,47,26,07,15,03,11,23,44,36,17,05,24,43,31,10,02,14,06,25,37,16,04,12,00
13975878,398,67,75,63,71,50,62,70,51,72,60,52,73,61,53,74,66,54,42,30,22,43,64,76,55,47,35,56,77,65,57,45,33,41,20,01,13,34,46,25,37,16,24,03,11,32,40,21,00,12,04,23,44,36,17,05,26,07,15,27,06,14,02,10,31
16323563,422,03,24,45,66,74,62,70,51,72,60,52,73,61,53,65,77,56,64,76,55,63,71,50,42,54,75,67,46,34,22,30,11,32,40,21,00,12,04,16,37,25,17,05,13,01,20,41,33,14,06,27,15,07,26,47,35,43,31,10,02,23,44,36,57
16323563,419,03,24,45,66,74,62,70,51,72,60,52,73,61,53,65,77,56,64,76,55,63,71,50,42,54,75,67,46,34,22,30,11,32,40,21,00,12,04,16,37,25,17,05,13,01,20,41,33,14,06,27,15,07,26,47,35,43,31,10,02,23,44,36,57
1740389,58,04,25,46,67,75,63,71,50,62,70,51,72,60,52,73,61,53,74,66,54,42,30,22,43,64,76,55,47,35,56,77,65,57,45,37,16,24,03,11,32,40,21,00,12,33,41,20,01,13,34,26,05,17,36,44,23,31,10,02,14,06,27,15,07
36832735,1025,06,27,35,56,77,65,73,61,53,74,62,70,51,72,60,52,64,76,55,63,71,50,42,54,75,67,46,34,22,43,31,10,02,14,33,41,20,01,13,25,37,16,04,12,00,21,40,32,44,23,15,07,26,47,66,45,57,36,17,05,24,03,11,30
28534570,985,12,33,54,75,63,71,50,62,70,51,72,60,52,73,61,53,74,66,45,57,65,77,56,64,76,55,67,46,34,42,30,22,41,20,01,13,25,37,16,04,23,44,36,17,05,24,43,31,10,02,14,06,27,35,47,26,07,15,03,11,32,40,21,00
5759691,158,17,25,46,67,75,63,71,50,62,70,51,72,60,52,73,61,53,74,66,54,42,30,22,43,64,76,55,47,35,56,77,65,57,36,44,32,40,21,00,12,04,16,37,45,33,41,20,01,13,34,26,05,24,03,11,23,31,10,02,14,06,27,15,07
500153,13,25,46,67,75,63,71,50,62,70,51,72,60,52,73,61,53,74,66,54,42,30,22,43,64,76,55,47,35,56,77,65,57,45,33,41,20,01,13,34,26,07,15,27,06,14,02,10,31,23,44,36,17,05,24,03,11,32,40,21,00,12,04,16,37
9443107,380,32,53,74,62,70,51,72,60,52,73,61,40,21,42,63,71,50,31,43,64,76,55,67,75,54,66,45,57,65,77,56,44,36,24,03,11,30,22,10,02,23,35,47,26,07,15,34,46,27,06,14,33,41,20,01,13,05,17,25,37,16,04,12,00
8812137,258,33,54,75,63,71,50,62,70,51,72,60,52,73,61,53,74,66,45,57,65,77,56,64,76,55,67,46,34,42,30,22,43,31,10,02,14,35,47,26,07,15,27,06,25,37,16,24,03,11,32,40,21,00,12,04,23,44,36,17,05,13,01,20,41
44500417,1297,34,55,76,64,72,60,52,73,61,53,74,62,70,51,63,71,50,42,54,75,67,46,65,77,56,44,32,40,21,33,41,20,01,22,30,11,23,31,10,02,14,06,27,35,43,24,03,15,07,26,47,66,45,57,36,17,05,13,25,37,16,04,12,00
50709236,1394,35,56,77,65,73,61,53,74,62,70,51,72,60,52,64,76,55,63,71,50,42,54,75,67,46,34,22,43,31,10,02,23,44,32,40,21,00,12,04,16,37,25,13,01,20,41,33,14,06,27,15,07,26,47,66,45,57,36,17,05,24,03,11,30
16323563,476,03,24,45,66,74,62,70,51,72,60,52,73,61,53,65,77,56,64,76,55,63,71,50,42,54,75,67,46,34,22,30,11,32,40,21,00,12,04,16,37,25,17,05,13,01,20,41,33,14,06,27,15,07,26,47,35,43,31,10,02,23,44,36,57
16323563,423,03,24,45,66,74,62,70,51,72,60,52,73,61,53,65,77,56,64,76,55,63,71,50,42,54,75,67,46,34,22,30,11,32,40,21,00,12,04,16,37,25,17,05,13,01,20,41,33,14,06,27,15,07,26,47,35,43,31,10,02,23,44,36,57
16323563,423,03,24,45,66,74,62,70,51,72,60,52,73,61,53,65,77,56,64,76,55,63,71,50,42,54,75,67,46,34,22,30,11,32,40,21,00,12,04,16,37,25,17,05,13,01,20,41,33,14,06,27,15,07,26,47,35,43,31,10,02,23,44,36,57
1740389,59,04,25,46,67,75,63,71,50,62,70,51,72,60,52,73,61,53,74,66,54,42,30,22,43,64,76,55,47,35,56,77,65,57,45,37,16,24,03,11,32,40,21,00,12,33,41,20,01,13,34,26,05,17,36,44,23,31,10,02,14,06,27,15,07
36832735,1022,06,27,35,56,77,65,73,61,53,74,62,70,51,72,60,52,64,76,55,63,71,50,42,54,75,67,46,34,22,43,31,10,02,14,33,41,20,01,13,25,37,16,04,12,00,21,40,32,44,23,15,07,26,47,66,45,57,36,17,05,24,03,11,30
28534570,796,12,33,54,75,63,71,50,62,70,51,72,60,52,73,61,53,74,66,45,57,65,77,56,64,76,55,67,46,34,42,30,22,41,20,01,13,25,37,16,04,23,44,36,17,05,24,43,31,10,02,14,06,27,35,47,26,07,15,03,11,32,40,21,00
5759691,158,17,25,46,67,75,63,71,50,62,70,51,72,60,52,73,61,53,74,66,54,42,30,22,43,64,76,55,47,35,56,77,65,57,36,44,32,40,21,00,12,04,16,37,45,33,41,20,01,13,34,26,05,24,03,11,23,31,10,02,14,06,27,15,07
500153,14,25,46,67,75,63,71,50,62,70,51,72,60,52,73,61,53,74,66,54,42,30,22,43,64,76,55,47,35,56,77,65,57,45,33,41,20,01,13,34,26,07,15,27,06,14,02,10,31,23,44,36,17,05,24,03,11,32,40,21,00,12,04,16,37
9443107,263,32,53,74,62,70,51,72,60,52,73,61,40,21,42,63,71,50,31,43,64,76,55,67,75,54,66,45,57,65,77,56,44,36,24,03,11,30,22,10,02,23,35,47,26,07,15,34,46,27,06,14,33,41,20,01,13,05,17,25,37,16,04,12,00
8812137,263,33,54,75,63,71,50,62,70,51,72,60,52,73,61,53,74,66,45,57,65,77,56,64,76,55,67,46,34,42,30,22,43,31,10,02,14,35,47,26,07,15,27,06,25,37,16,24,03,11,32,40,21,00,12,04,23,44,36,17,05,13,01,20,41
44500417,1331,34,55,76,64,72,60,52,73,61,53,74,62,70,51,63,71,50,42,54,75,67,46,65,77,56,44,32,40,21,33,41,20,01,22,30,11,23,31,10,02,14,06,27,35,43,24,03,15,07,26,47,66,45,57,36,17,05,13,25,37,16,04,12,00
50709236,1448,35,56,77,65,73,61,53,74,62,70,51,72,60,52,64,76,55,63,71,50,42,54,75,67,46,34,22,43,31,10,02,23,44,32,40,21,00,12,04,16,37,25,13,01,20,41,33,14,06,27,15,07,26,47,66,45,57,36,17,05,24,03,11,30
116403,3,40,61,73,65,77,56,64,72,60,52,44,32,53,74,62,70,51,63,71,50,42,54,75,67,55,76,57,45,66,47,35,43,31,23,11,03,24,36,15,07,26,34,46,27,06,14,33,41,20,01,13,05,17,25,37,16,04,12,00,21,02,10,22,30
60946232,1741,43,64,72,60,52,73,61,53,74,62,70,51,63,71,50,42,54,75,67,55,76,57,65,77,56,44,32,40,21,33,41,20,01,22,30,11,23,31,10,02,14,35,47,66,45,26,07,15,03,24,36,17,05,13,34,46,27,06,25,37,16,04,12,00
239998,7,46,67,75,63,71,50,62,70,51,72,60,52,73,61,53,74,66,54,42,30,22,43,64,76,55,47,35,56,77,65,57,45,33,41,20,32,40,21,00,12,04,16,37,25,44,36,17,05,24,03,11,23,31,10,02,14,06,27,15,07,26,34,13,01
18403814,507,50,71,63,75,67,55,76,64,72,60,52,73,61,53,74,62,70,51,43,31,23,44,65,77,56,35,47,66,54,42,30,22,10,02,14,26,07,15,36,57,45,33,41,20,01,13,34,46,27,06,25,37,16,04,12,00,21,40,32,11,03,24,05,17
18914776,525,53,74,62,70,51,72,60,52,73,61,40,32,44,65,77,56,64,76,55,63,71,50,42,54,75,67,46,34,22,43,31,10,02,23,35,47,66,45,57,36,17,25,37,16,04,12,00,21,13,01,20,41,33,14,06,27,15,07,26,05,24,03,11,30
31096436,873,54,75,63,71,50,62,70,51,72,60,52,73,61,53,74,66,45,57,65,77,56,64,76,55,67,46,34,42,30,22,43,31,10,02,23,44,32,40,21,00,12,04,25,37,16,24,36,17,05,13,01,20,41,33,14,06,27,35,47,26,07,15,03,11
284511,9,60,72,64,76,55,63,71,50,62,70,51,43,31,52,73,61,53,74,66,54,75,67,46,34,42,30,22,10,02,23,44,65,77,56,35,47,26,14,33,41,20,01,13,05,17,36,57,45,37,16,24,03,11,32,40,21,00,12,04,25,06,27,15,07
215684,6,61,73,65,77,56,64,72,60,52,40,32,53,74,62,70,51,63,71,50,42,54,75,67,55,76,57,45,66,47,35,43,31,23,44,36,24,12,00,21,33,41,20,01,13,34,46,27,06,14,02,10,22,30,11,03,15,07,26,05,17,25,37,16,04
876934,27,62,70,51,72,60,52,73,61,53,74,66,54,75,63,71,50,42,30,22,43,64,76,55,67,46,34,26,47,35,56,77,65,57,45,33,41,20,01,13,25,37,16,04,12,00,21,40,32,44,36,17,05,24,03,11,23,31,10,02,14,06,27,15,07
24106752,684,63,71,50,62,70,51,72,60,52,73,61,53,74,66,54,75,67,55,76,64,56,77,65,57,45,33,41,20,32,40,21,42,30,22,01,13,34,46,27,35,47,26,07,15,03,11,23,44,36,17,05,24,43,31,10,02,14,06,25,37,16,04,12,00
13975878,410,67,75,63,71,50,62,70,51,72,60,52,73,61,53,74,66,54,42,30,22,43,64,76,55,47,35,56,77,65,57,45,33,41,20,01,13,34,46,25,37,16,24,03,11,32,40,21,00,12,04,23,44,36,17,05,26,07,15,27,06,14,02,10,31
258882,7,72,60,52,73,61,53,74,62,70,51,63,71,50,42,54,75,67,55,76,64,56,77,65,57,45,66,47,35,43,31,23,44,32,40,21,33,41,20,01,13,34,46,27,15,07,26,05,17,36,24,03,11,30,22,10,02,14,06,25,37,16,04,12,00
876934,26,75,63,71,50,62,70,51,72,60,52,73,61,53,74,66,54,42,30,22,43,64,76,55,67,46,34,26,47,35,56,77,65,57,45,33,41,20,01,13,25,37,16,04,12,00,21,40,32,44,36,17,05,24,03,11,23,31,10,02,14,06,27,15,07
16851,1,76,64,72,60,52,73,61,53,74,62,70,51,63,71,50,42,54,75,67,55,43,31,23,44,65,77,56,35,47,66,45,57,36,24,32,40,21,33,41,20,01,13,34,46,27,06,14,02,10,22,30,11,03,15,07,26,05,17,25,37,16,04,12,00
16323563,440,03,24,45,66,74,62,70,51,72,60,52,73,61,53,65,77,56,64,76,55,63,71,50,42,54,75,67,46,34,22,30,11,32,40,21,00,12,04,16,37,25,17,05,13,01,20,41,33,14,06,27,15,07,26,47,35,43,31,10,02,23,44,36,57
1740389,62,04,25,46,67,75,63,71,50,62,70,51,72,60,52,73,61,53,74,66,54,42,30,22,43,64,76,55,47,35,56,77,65,57,45,37,16,24,03,11,32,40,21,00,12,33,41,20,01,13,34,26,05,17,36,44,23,31,10,02,14,06,27,15,07
36832735,1046,06,27,35,56,77,65,73,61,53,74,62,70,51,72,60,52,64,76,55,63,71,50,42,54,75,67,46,34,22,43,31,10,02,14,33,41,20,01,13,25,37,16,04,12,00,21,40,32,44,23,15,07,26,47,66,45,57,36,17,05,24,03,11,30
28534570,817,12,33,54,75,63,71,50,62,70,51,72,60,52,73,61,53,74,66,45,57,65,77,56,64,76,55,67,46,34,42,30,22,41,20,01,13,25,37,16,04,23,44,36,17,05,24,43,31,10,02,14,06,27,35,47,26,07,15,03,11,32,40,21,00
5759691,160,17,25,46,67,75,63,71,50,62,70,51,72,60,52,73,61,53,74,66,54,42,30,22,43,64,76,55,47,35,56,77,65,57,36,44,32,40,21,00,12,04,16,37,45,33,41,20,01,13,34,26,05,24,03,11,23,31,10,02,14,06,27,15,07
500153,14,25,46,67,75,63,71,50,62,70,51,72,60,52,73,61,53,74,66,54,42,30,22,43,64,76,55,47,35,56,77,65,57,45,33,41,20,01,13,34,26,07,15,27,06,14,02,10,31,23,44,36,17,05,24,03,11,32,40,21,00,12,04,16,37
9443107,289,32,53,74,62,70,51,72,60,52,73,61,40,21,42,63,71,50,31,43,64,76,55,67,75,54,66,45,57,65,77,56,44,36,24,03,11,30,22,10,02,23,35,47,26,07,15,34,46,27,06,14,33,41,20,01,13,05,17,25,37,16,04,12,00
8812137,254,33,54,75,63,71,50,62,70,51,72,60,52,73,61,53,74,66,45,57,65,77,56,64,76,55,67,46,34,42,30,22,43,31,10,02,14,35,47,26,07,15,27,06,25,37,16,24,03,11,32,40,21,00,12,04,23,44,36,17,05,13,01,20,41
44500417,1364,34,55,76,64,72,60,52,73,61,53,74,62,70,51,63,71,50,42,54,75,67,46,65,77,56,44,32,40,21,33,41,20,01,22,30,11,23,31,10,02,14,06,27,35,43,24,03,15,07,26,47,66,45,57,36,17,05,13,25,37,16,04,12,00
50709236,1420,35,56,77,65,73,61,53,74,62,70,51,72,60,52,64,76,55,63,71,50,42,54,75,67,46,34,22,43,31,10,02,23,44,32,40,21,00,12,04,16,37,25,13,01,20,41,33,14,06,27,15,07,26,47,66,45,57,36,17,05,24,03,11,30
116403,4,40,61,73,65,77,56,64,72,60,52,44,32,53,74,62,70,51,63,71,50,42,54,75,67,55,76,57,45,66,47,35,43,31,23,11,03,24,36,15,07,26,34,46,27,06,14,33,41,20,01,13,05,17,25,37,16,04,12,00,21,02,10,22,30
60946232,1886,43,64,72,60,52,73,61,53,74,62,70,51,63,71,50,42,54,75,67,55,76,57,65,77,56,44,32,40,21,33,41,20,01,22,30,11,23,31,10,02,14,35,47,66,45,26,07,15,03,24,36,17,05,13,34,46,27,06,25,37,16,04,12,00
239998,7,46,67,75,63,71,50,62,70,51,72,60,52,73,61,53,74,66,54,42,30,22,43,64,76,55,47,35,56,77,65,57,45,33,41,20,32,40,21,00,12,04,16,37,25,44,36,17,05,24,03,11,23,31,10,02,14,06,27,15,07,26,34,13,01
18403814,537,50,71,63,75,67,55,76,64,72,60,52,73,61,53,74,62,70,51,43,31,23,44,65,77,56,35,47,66,54,42,30,22,10,02,14,26,07,15,36,57,45,33,41,20,01,13,34,46,27,06,25,37,16,04,12,00,21,40,32,11,03,24,05,17
18914776,554,53,74,62,70,51,72,60,52,73,61,40,32,44,65,77,56,64,76,55,63,71,50,42,54,75,67,46,34,22,43,31,10,02,23,35,47,66,45,57,36,17,25,37,16,04,12,00,21,13,01,20,41,33,14,06,27,15,07,26,05,24,03,11,30
31096436,921,54,75,63,71,50,62,70,51,72,60,52,73,61,53,74,66,45,57,65,77,56,64,76,55,67,46,34,42,30,22,43,31,10,02,23,44,32,40,21,00,12,04,25,37,16,24,36,17,05,13,01,20,41,33,14,06,27,35,47,26,07,15,03,11
284511,9,60,72,64,76,55,63,71,50,62,70,51,43,31,52,73,61,53,74,66,54,75,67,46,34,42,30,22,10,02,23,44,65,77,56,35,47,26,14,33,41,20,01,13,05,17,36,57,45,37,16,24,03,11,32,40,21,00,12,04,25,06,27,15,07
215684,9,61,73,65,77,56,64,72,60,52,40,32,53,74,62,70,51,63,71,50,42,54,75,67,55,76,57,45,66,47,35,43,31,23,44,36,24,12,00,21,33,41,20,01,13,34,46,27,06,14,02,10,22,30,11,03,15,07,26,05,17,25,37,16,04
876934,27,62,70,51,72,60,52,73,61,53,74,66,54,75,63,71,50,42,30,22,43,64,76,55,67,46,34,26,47,35,56,77,65,57,45,33,41,20,01,13,25,37,16,04,12,00,21,40,32,44,36,17,05,24,03,11,23,31,10,02,14,06,27,15,07
24106752,717,63,71,50,62,70,51,72,60,52,73,61,53,74,66,54,75,67,55,76,64,56,77,65,57,45,33,41,20,32,40,21,42,30,22,01,13,34,46,27,35,47,26,07,15,03,11,23,44,36,17,05,24,43,31,10,02,14,06,25,37,16,04,12,00
13975878,423,67,75,63,71,50,62,70,51,72,60,52,73,61,53,74,66,54,42,30,22,43,64,76,55,47,35,56,77,65,57,45,33,41,20,01,13,34,46,25,37,16,24,03,11,32,40,21,00,12,04,23,44,36,17,05,26,07,15,27,06,14,02,10,31
258882,7,72,60,52,73,61,53,74,62,70,51,63,71,50,42,54,75,67,55,76,64,56,77,65,57,45,66,47,35,43,31,23,44,32,40,21,33,41,20,01,13,34,46,27,15,07,26,05,17,36,24,03,11,30,22,10,02,14,06,25,37,16,04,12,00
876934,26,75,63,71,50,62,70,51,72,60,52,73,61,53,74,66,54,42,30,22,43,64,76,55,67,46,34,26,47,35,56,77,65,57,45,33,41,20,01,13,25,37,16,04,12,00,21,40,32,44,36,17,05,24,03,11,23,31,10,02,14,06,27,15,07
16851,1,76,64,72,60,52,73,61,53,74,62,70,51,63,71,50,42,54,75,67,55,43,31,23,44,65,77,56,35,47,66,45,57,36,24,32,40,21,33,41,20,01,13,34,46,27,06,14,02,10,22,30,11,03,15,07,26,05,17,25,37,16,04,12,00